25	0.000002
30	0.000002
35	0.000003
40	0.000003
45	0.000004
50	0.000005
55	0.000006
60	0.000008
65	0.000009
70	0.000011
75	0.000013
80	0.000014
85	0.000016
90	0.000018
95	0.000021
100	0.000024
105	0.000027
110	0.000028
115	0.000031
120	0.000034
125	0.000037
130	0.000041
135	0.000043
140	0.000046
145	0.000049
150	0.000053
155	0.000055
160	0.000060
165	0.000067
170	0.000068
175	0.000070
180	0.000074
185	0.000077
190	0.000082
195	0.000085
200	0.000089
205	0.000093
210	0.000099
215	0.000102
220	0.000108
225	0.000111
230	0.000116
235	0.000117
240	0.000125
245	0.000129
250	0.000131
255	0.000136
260	0.000138
265	0.000143
270	0.000147
275	0.000152
280	0.000156
285	0.000160
290	0.000161
295	0.000170
300	0.000174
305	0.000177
310	0.000191
315	0.000203
320	0.000211
325	0.000217
330	0.000224
335	0.000231
340	0.000238
345	0.000256
350	0.000252
355	0.000259
360	0.000263
365	0.000273
370	0.000281
375	0.000286
380	0.000295
385	0.000303
390	0.000308
395	0.000320
400	0.000322
405	0.000329
410	0.000340
415	0.000349
420	0.000356
425	0.000366
430	0.000373
435	0.000380
440	0.000388
445	0.000394
450	0.000401
455	0.000413
460	0.000424
465	0.000437
470	0.000445
475	0.000446
480	0.000460
485	0.000476
490	0.000481
495	0.000498
500	0.000496
505	0.000522
510	0.000517
515	0.000542
520	0.000536
525	0.000555
530	0.000556
535	0.000571
540	0.000572
545	0.000591
550	0.000594
555	0.000617
560	0.000626
565	0.000629
570	0.000638
575	0.000652
580	0.000660
585	0.000676
590	0.000694
595	0.000698
600	0.000708
605	0.000718
610	0.000730
615	0.000747
620	0.000757
625	0.000767
630	0.000773
635	0.000783
640	0.000809
645	0.000816
650	0.000824
655	0.000834
660	0.000857
665	0.000867
670	0.000877
675	0.000888
680	0.000911
685	0.000933
690	0.000923
695	0.000937
700	0.000947
705	0.000961
710	0.001014
715	0.000988
720	0.000995
725	0.001019
730	0.001030
735	0.001041
740	0.001067
745	0.001073
750	0.001089
755	0.001096
760	0.001122
765	0.001128
770	0.001131
775	0.001158
780	0.001155
785	0.001171
790	0.001209
795	0.001190
800	0.001221
805	0.001233
810	0.001258
815	0.001266
820	0.001292
825	0.001289
830	0.001313
835	0.001354
840	0.001355
845	0.001371
850	0.001390
855	0.001411
860	0.001411
865	0.001425
870	0.001433
875	0.001459
880	0.001456
885	0.001495
890	0.001501
895	0.001528
900	0.001551
905	0.001570
910	0.001577
915	0.001636
920	0.001658
925	0.001620
930	0.001649
935	0.002521
940	0.001670
945	0.001712
950	0.001713
955	0.001746
960	0.001763
965	0.001862
970	0.001882
975	0.001822
980	0.001829
985	0.001849
990	0.001890
995	0.001883
1000	0.001908
1005	0.001928
1010	0.001980
1015	0.002073
1020	0.001988
1025	0.002011
1030	0.002020
1035	0.002040
1040	0.002411
1045	0.002635
1050	0.002090
1055	0.002125
1060	0.002137
1065	0.002159
1070	0.002205
1075	0.002245
1080	0.002213
1085	0.002246
1090	0.002265
1095	0.002284
1100	0.002304
1105	0.002352
1110	0.002335
1115	0.002330
1120	0.002362
1125	0.002353
1130	0.002379
1135	0.002406
1140	0.002444
1145	0.002443
1150	0.002470
1155	0.002504
1160	0.002518
1165	0.002899
1170	0.002660
1175	0.002589
1180	0.002613
1185	0.002650
1190	0.002676
1195	0.002710
1200	0.002714
1205	0.002734
1210	0.002730
1215	0.002786
1220	0.002779
1225	0.002790
1230	0.002820
1235	0.002836
1240	0.002865
1245	0.002887
1250	0.002906
1255	0.002936
1260	0.002954
1265	0.002960
1270	0.003022
1275	0.003052
1280	0.003098
1285	0.003457
1290	0.004064
1295	0.003740
1300	0.003223
1305	0.003248
1310	0.003264
1315	0.003303
1320	0.003315
1325	0.003322
1330	0.003356
1335	0.003436
1340	0.003407
1345	0.003432
1350	0.003480
1355	0.003478
1360	0.003604
1365	0.003521
1370	0.003640
1375	0.003595
1380	0.003635
1385	0.003659
1390	0.003693
1395	0.003700
1400	0.003714
1405	0.003760
1410	0.003760
1415	0.003820
1420	0.003800
1425	0.003969
1430	0.003897
1435	0.004002
1440	0.003939
1445	0.004074
1450	0.004289
1455	0.004031
1460	0.004221
1465	0.004405
1470	0.004075
1475	0.004125
1480	0.004127
1485	0.004111
1490	0.004168
1495	0.004224
1500	0.004260
1505	0.005390
1510	0.005782
1515	0.004562
1520	0.003706
1525	0.003599
1530	0.003657
1535	0.003736
1540	0.003684
1545	0.003687
1550	0.003839
1555	0.003815
1560	0.003745
1565	0.003836
1570	0.003870
1575	0.003901
1580	0.004684
1585	0.004257
1590	0.004066
1595	0.004079
1600	0.004172
1605	0.004111
1610	0.004066
1615	0.004249
1620	0.004641
1625	0.004235
1630	0.004809
1635	0.004850
1640	0.004650
1645	0.004929
1650	0.004432
1655	0.004563
1660	0.004926
1665	0.004856
1670	0.004978
1675	0.005039
1680	0.005117
1685	0.005277
1690	0.005186
1695	0.005265
1700	0.005336
1705	0.004772
1710	0.005107
1715	0.006005
1720	0.005364
1725	0.005439
1730	0.005271
1735	0.005550
1740	0.005496
1745	0.005577
1750	0.005601
1755	0.005549
1760	0.005532
1765	0.005701
1770	0.005636
1775	0.005637
1780	0.005392
1785	0.005654
1790	0.005532
1795	0.005903
1800	0.005834
1805	0.005587
1810	0.005843
1815	0.005952
1820	0.005789
1825	0.006040
1830	0.006185
1835	0.006191
1840	0.006193
1845	0.006015
1850	0.006285
1855	0.006328
1860	0.005872
1865	0.006305
1870	0.006331
1875	0.006464
1880	0.006285
1885	0.006260
1890	0.006525
1895	0.006257
1900	0.006544
1905	0.006562
1910	0.006567
1915	0.006664
1920	0.006700
1925	0.006446
1930	0.006809
1935	0.006908
1940	0.006968
1945	0.006916
1950	0.006902
1955	0.006371
1960	0.007077
1965	0.007105
1970	0.007064
1975	0.007084
1980	0.007230
1985	0.007277
1990	0.007221
1995	0.007322
2000	0.007098
2005	0.007292
2010	0.007268
2015	0.007338
2020	0.007574
2025	0.007570
2030	0.007575
2035	0.007593
2040	0.007720
2045	0.007759
2050	0.007668
2055	0.007784
2060	0.007704
2065	0.007835
2070	0.007724
2075	0.007426
2080	0.007644
2085	0.007972
2090	0.007873
2095	0.007766
2100	0.008315
2105	0.008206
2110	0.008146
2115	0.008171
2120	0.007844
2125	0.008184
2130	0.008296
2135	0.008303
2140	0.008228
2145	0.008378
2150	0.008116
2155	0.008572
2160	0.008454
2165	0.008651
2170	0.008573
2175	0.008744
2180	0.008658
2185	0.008666
2190	0.007682
2195	0.008027
2200	0.007933
2205	0.008202
2210	0.008110
2215	0.008106
2220	0.008158
2225	0.008326
2230	0.008420
2235	0.008216
2240	0.008350
2245	0.008379
2250	0.008695
2255	0.008326
2260	0.008499
2265	0.008480
2270	0.008561
2275	0.008606
2280	0.008682
2285	0.008679
2290	0.008658
2295	0.008705
2300	0.008786
2305	0.008972
2310	0.008891
2315	0.008960
2320	0.008954
2325	0.009213
2330	0.009100
2335	0.009317
2340	0.009207
2345	0.009350
2350	0.009228
2355	0.009376
2360	0.009331
2365	0.009410
2370	0.009501
2375	0.009610
2380	0.009621
2385	0.009622
2390	0.009657
2395	0.009757
2400	0.009760
2405	0.009792
2410	0.009823
2415	0.009835
2420	0.009912
2425	0.010017
2430	0.010019
2435	0.010127
2440	0.010154
2445	0.010172
2450	0.010287
2455	0.010176
2460	0.010231
2465	0.010235
2470	0.010408
2475	0.010560
2480	0.010441
2485	0.010487
2490	0.010609
2495	0.010654
2500	0.011435
2505	0.012139
2510	0.012281
2515	0.012348
2520	0.012468
2525	0.012303
2530	0.012470
2535	0.012786
2540	0.012575
2545	0.012820
2550	0.014076
2555	0.013421
2560	0.013088
2565	0.013057
2570	0.013060
2575	0.013121
2580	0.013151
2585	0.013315
2590	0.013309
2595	0.013241
2600	0.013440
2605	0.013461
2610	0.013571
2615	0.013594
2620	0.013716
2625	0.013765
2630	0.013952
2635	0.013909
2640	0.013890
2645	0.014104
2650	0.014159
2655	0.014000
2660	0.013993
2665	0.014145
2670	0.014177
2675	0.014175
2680	0.014702
2685	0.012048
2690	0.011664
2695	0.011993
2700	0.012216
2705	0.013521
2710	0.012182
2715	0.012186
2720	0.012458
2725	0.012294
2730	0.012393
2735	0.012568
2740	0.012480
2745	0.012484
2750	0.012570
2755	0.012669
2760	0.012781
2765	0.012990
2770	0.013071
2775	0.014472
2780	0.013512
2785	0.013266
2790	0.013256
2795	0.013235
2800	0.013195
2805	0.013704
2810	0.014787
2815	0.013960
2820	0.013697
2825	0.013790
2830	0.013788
2835	0.014097
2840	0.013902
2845	0.013773
2850	0.013847
2855	0.013846
2860	0.013986
2865	0.014369
2870	0.014147
2875	0.014136
2880	0.014311
2885	0.014507
2890	0.014248
2895	0.014258
2900	0.014285
2905	0.014424
2910	0.015344
2915	0.014833
2920	0.014873
2925	0.014860
2930	0.014907
2935	0.014990
2940	0.015110
2945	0.015130
2950	0.015204
2955	0.015067
2960	0.015083
2965	0.015205
2970	0.015401
2975	0.015272
2980	0.015177
2985	0.015415
2990	0.015763
2995	0.015601
3000	0.015739
3005	0.015917
3010	0.015964
3015	0.015851
3020	0.015996
3025	0.018603
3030	0.019544
3035	0.016750
3040	0.019040
3045	0.015887
3050	0.015997
3055	0.016173
3060	0.016237
3065	0.016429
3070	0.015983
3075	0.016267
3080	0.016219
3085	0.016576
3090	0.016549
3095	0.016513
3100	0.016589
3105	0.016254
3110	0.016481
3115	0.019759
3120	0.016738
3125	0.016885
3130	0.016929
3135	0.016701
3140	0.017480
3145	0.017101
3150	0.016851
3155	0.017282
3160	0.017437
3165	0.017615
3170	0.017889
3175	0.018097
3180	0.018031
3185	0.018111
3190	0.018270
3195	0.018174
3200	0.018107
3205	0.018155
3210	0.018166
3215	0.018313
3220	0.018030
3225	0.018381
3230	0.018497
3235	0.018476
3240	0.019157
3245	0.018003
3250	0.017970
3255	0.018688
3260	0.017829
3265	0.018508
3270	0.018406
3275	0.017777
3280	0.017857
3285	0.018074
3290	0.018367
3295	0.022069
3300	0.021293
3305	0.021494
3310	0.021589
3315	0.021635
3320	0.021835
3325	0.022211
3330	0.022419
3335	0.022005
3340	0.021916
3345	0.022115
3350	0.022322
3355	0.022391
3360	0.022225
3365	0.022292
3370	0.022202
3375	0.022455
3380	0.022667
3385	0.022520
3390	0.022630
3395	0.022928
3400	0.022718
3405	0.022811
3410	0.022693
3415	0.022791
3420	0.022959
3425	0.023093
3430	0.023111
3435	0.023217
3440	0.023198
3445	0.023789
3450	0.023336
3455	0.023261
3460	0.023432
3465	0.023491
3470	0.023838
3475	0.023496
3480	0.023469
3485	0.023492
3490	0.023526
3495	0.023619
3500	0.023714
3505	0.023799
3510	0.024482
3515	0.024450
3520	0.024500
3525	0.024573
3530	0.024469
3535	0.024335
3540	0.024153
3545	0.024520
3550	0.024565
3555	0.025192
3560	0.024784
3565	0.024556
3570	0.024692
3575	0.024830
3580	0.024860
3585	0.025018
3590	0.025577
3595	0.025074
3600	0.025495
3605	0.025262
3610	0.026062
3615	0.026245
3620	0.025724
3625	0.024609
3630	0.023795
3635	0.024031
3640	0.021110
3645	0.021278
3650	0.021554
3655	0.024625
3660	0.024698
3665	0.024276
3670	0.023527
3675	0.024059
3680	0.023480
3685	0.023700
3690	0.025625
3695	0.025442
3700	0.025831
3705	0.024888
3710	0.025170
3715	0.025629
3720	0.025618
3725	0.026312
3730	0.026680
3735	0.026820
3740	0.027105
3745	0.026302
3750	0.022680
3755	0.024824
3760	0.025247
3765	0.025281
3770	0.027177
3775	0.025479
3780	0.026369
3785	0.026726
3790	0.027155
3795	0.027107
3800	0.027547
3805	0.026121
3810	0.028049
3815	0.027658
3820	0.027978
3825	0.027792
3830	0.027687
3835	0.029089
3840	0.027458
3845	0.026368
3850	0.026908
3855	0.027657
3860	0.028442
3865	0.028808
3870	0.028821
3875	0.029192
3880	0.028940
3885	0.029261
3890	0.029024
3895	0.029367
3900	0.029421
3905	0.029353
3910	0.028600
3915	0.029367
3920	0.029918
3925	0.030320
3930	0.030121
3935	0.029914
3940	0.030399
3945	0.030485
3950	0.028667
3955	0.029988
3960	0.030622
3965	0.030639
3970	0.030567
3975	0.030091
3980	0.030662
3985	0.031697
3990	0.031789
3995	0.031357
4000	0.031376
4005	0.029751
4010	0.031400
4015	0.032350
4020	0.032395
4025	0.031560
4030	0.030414
4035	0.030377
4040	0.032434
4045	0.031698
4050	0.031974
4055	0.032290
4060	0.033262
4065	0.032628
4070	0.030847
4075	0.032323
4080	0.032559
4085	0.029819
4090	0.030575
4095	0.031200
4100	0.032765
4105	0.033574
4110	0.033827
4115	0.034107
4120	0.034236
4125	0.029469
4130	0.028493
4135	0.032263
4140	0.033181
4145	0.033203
4150	0.033945
4155	0.034812
4160	0.034911
4165	0.034841
4170	0.034363
4175	0.034230
4180	0.035756
4185	0.035345
4190	0.035029
4195	0.033463
4200	0.035775
4205	0.036693
4210	0.035098
4215	0.035873
4220	0.036679
4225	0.036831
4230	0.037095
4235	0.036765
4240	0.034166
4245	0.035015
4250	0.034657
4255	0.037361
4260	0.037754
4265	0.037513
4270	0.038446
4275	0.037813
4280	0.038614
4285	0.037284
4290	0.037050
4295	0.036335
4300	0.038214
4305	0.038815
4310	0.036676
4315	0.036895
4320	0.039200
4325	0.037938
4330	0.037704
4335	0.037549
4340	0.039177
4345	0.039596
4350	0.039957
4355	0.039631
4360	0.039728
4365	0.040417
4370	0.039051
4375	0.038541
4380	0.039169
4385	0.037751
4390	0.037165
4395	0.038684
4400	0.038638
4405	0.040898
4410	0.040245
4415	0.039208
4420	0.038957
4425	0.040181
4430	0.040421
4435	0.038772
4440	0.040181
4445	0.041385
4450	0.040498
4455	0.041011
4460	0.041330
4465	0.040004
4470	0.041534
4475	0.041155
4480	0.041374
4485	0.043377
4490	0.042602
4495	0.042639
4500	0.044032
4505	0.041594
4510	0.041122
4515	0.043867
4520	0.044385
4525	0.044539
4530	0.043855
4535	0.044235
4540	0.043958
4545	0.042881
4550	0.044274
4555	0.045051
4560	0.044673
4565	0.045796
4570	0.045954
4575	0.045411
4580	0.045647
4585	0.045543
4590	0.044544
4595	0.045925
4600	0.044145
4605	0.043742
4610	0.043155
4615	0.044281
4620	0.045345
4625	0.043806
4630	0.043141
4635	0.042783
4640	0.046380
4645	0.042552
4650	0.036169
4655	0.036573
4660	0.045166
4665	0.046058
4670	0.046447
4675	0.046526
4680	0.047272
4685	0.047622
4690	0.047998
4695	0.047988
4700	0.044988
4705	0.047057
4710	0.046330
4715	0.046781
4720	0.049348
4725	0.050060
4730	0.049350
4735	0.049650
4740	0.049690
4745	0.050223
4750	0.047263
4755	0.051044
4760	0.050185
4765	0.050977
4770	0.050345
4775	0.049861
4780	0.051341
4785	0.050885
4790	0.051521
4795	0.051285
4800	0.051447
4805	0.051103
4810	0.048937
4815	0.052261
4820	0.053781
4825	0.052239
4830	0.052758
4835	0.052564
4840	0.051380
4845	0.049859
4850	0.053130
4855	0.053709
4860	0.051901
4865	0.052302
4870	0.050881
4875	0.053091
4880	0.049635
4885	0.048808
4890	0.050202
4895	0.053617
4900	0.054057
4905	0.054484
4910	0.052066
4915	0.049161
4920	0.051354
4925	0.050332
4930	0.053768
4935	0.053822
4940	0.053006
4945	0.052178
4950	0.049937
4955	0.054002
4960	0.055863
4965	0.055991
4970	0.055163
4975	0.055636
4980	0.054964
4985	0.052139
4990	0.055482
4995	0.057122
5000	0.056320
5005	0.055837
5010	0.057707
5015	0.053426
5020	0.054432
5025	0.058556
5030	0.058194
5035	0.058435
5040	0.057181
5045	0.055170
5050	0.057413
5055	0.059628
5060	0.059983
5065	0.059730
5070	0.059534
5075	0.060543
5080	0.058158
5085	0.059506
5090	0.057718
5095	0.059406
5100	0.061076
5105	0.060238
5110	0.058117
5115	0.059858
5120	0.060154
5125	0.058772
5130	0.061476
5135	0.062025
5140	0.059326
5145	0.062431
5150	0.063384
5155	0.061419
5160	0.061678
5165	0.064458
5170	0.060140
5175	0.059549
5180	0.063322
5185	0.060854
5190	0.063699
5195	0.064628
5200	0.049246
5205	0.050529
5210	0.061205
5215	0.062268
5220	0.059835
5225	0.064049
5230	0.062596
5235	0.060894
5240	0.065214
5245	0.063957
5250	0.064863
5255	0.067336
5260	0.065218
5265	0.064570
5270	0.067165
5275	0.060417
5280	0.064127
5285	0.067705
5290	0.062946
5295	0.066116
5300	0.067214
5305	0.065309
5310	0.066276
5315	0.066514
5320	0.066691
5325	0.068303
5330	0.067845
5335	0.067850
5340	0.068876
5345	0.066908
5350	0.069135
5355	0.069204
5360	0.068671
5365	0.070835
5370	0.069179
5375	0.068165
5380	0.069560
5385	0.068975
5390	0.070605
5395	0.070711
5400	0.068631
5405	0.070347
5410	0.069394
5415	0.070763
5420	0.071326
5425	0.069705
5430	0.068603
5435	0.068175
5440	0.063434
5445	0.062361
5450	0.064765
5455	0.065626
5460	0.065152
5465	0.070484
5470	0.072548
5475	0.073761
5480	0.067465
5485	0.070707
5490	0.072895
5495	0.074124
5500	0.074619
5505	0.070344
5510	0.070286
5515	0.072724
5520	0.073387
5525	0.074676
5530	0.072426
5535	0.073848
5540	0.075815
5545	0.076006
5550	0.077396
5555	0.074362
5560	0.073872
5565	0.075077
5570	0.075736
5575	0.075882
5580	0.074289
5585	0.074641
5590	0.077588
5595	0.077285
5600	0.073855
5605	0.075262
5610	0.076057
5615	0.077087
5620	0.076822
5625	0.077857
5630	0.076514
5635	0.076938
5640	0.079102
5645	0.079230
5650	0.080187
5655	0.077459
5660	0.079519
5665	0.078645
5670	0.079411
5675	0.080114
5680	0.080220
5685	0.080869
5690	0.080679
5695	0.081028
5700	0.078424
5705	0.081468
5710	0.081799
5715	0.083932
5720	0.081598
5725	0.078657
5730	0.083245
5735	0.082689
5740	0.084686
5745	0.081586
5750	0.080035
5755	0.082474
5760	0.083498
5765	0.082411
5770	0.082819
5775	0.083674
5780	0.085197
5785	0.086636
5790	0.081762
5795	0.082927
5800	0.083088
5805	0.085639
5810	0.084479
5815	0.084236
5820	0.086032
5825	0.086263
5830	0.086906
5835	0.083124
5840	0.082494
5845	0.083353
5850	0.088097
5855	0.086707
5860	0.065868
5865	0.065323
5870	0.084552
5875	0.086344
5880	0.087530
5885	0.086900
5890	0.087395
5895	0.088583
5900	0.089893
5905	0.088179
5910	0.088551
5915	0.088371
5920	0.086613
5925	0.089900
5930	0.090154
5935	0.091976
5940	0.089350
5945	0.091146
5950	0.090559
5955	0.090390
5960	0.089906
5965	0.090806
5970	0.093010
5975	0.091718
5980	0.091644
5985	0.091425
5990	0.093052
5995	0.091787
6000	0.094155
6005	0.093504
6010	0.094224
6015	0.094773
6020	0.095143
6025	0.094838
6030	0.094210
6035	0.095273
6040	0.092238
6045	0.094439
6050	0.096903
6055	0.097102
6060	0.096568
6065	0.095296
6070	0.096506
6075	0.097471
6080	0.096819
6085	0.098541
6090	0.097625
6095	0.093680
6100	0.093954
6105	0.098035
6110	0.092779
6115	0.099636
6120	0.074178
6125	0.094880
6130	0.096175
6135	0.096801
6140	0.099433
6145	0.097309
6150	0.097072
6155	0.098147
6160	0.098202
6165	0.097907
6170	0.098238
6175	0.100042
6180	0.099057
6185	0.099217
6190	0.102273
6195	0.103359
6200	0.101678
6205	0.102076
6210	0.102243
6215	0.103195
6220	0.098745
6225	0.099375
6230	0.103007
6235	0.104497
6240	0.097710
6245	0.102136
6250	0.102537
6255	0.103267
6260	0.104273
6265	0.106201
6270	0.104030
6275	0.101600
6280	0.102016
6285	0.106037
6290	0.096188
6295	0.096789
6300	0.106313
6305	0.101413
6310	0.085377
6315	0.105523
6320	0.107088
6325	0.106649
6330	0.097471
6335	0.102327
6340	0.108500
6345	0.107952
6350	0.104345
6355	0.106512
6360	0.108659
6365	0.105082
6370	0.105250
6375	0.108450
6380	0.109679
6385	0.108763
6390	0.111110
6395	0.112909
6400	0.109563
6405	0.109079
6410	0.112099
6415	0.112209
6420	0.111340
6425	0.113968
6430	0.112466
6435	0.104223
6440	0.100190
6445	0.103232
6450	0.092738
6455	0.082539
6460	0.082829
6465	0.083391
6470	0.083401
6475	0.083255
6480	0.083635
6485	0.084713
6490	0.084850
6495	0.085220
6500	0.088317
6505	0.088728
6510	0.089437
6515	0.089258
6520	0.089596
6525	0.090553
6530	0.090802
6535	0.091302
6540	0.091525
6545	0.091770
6550	0.091809
6555	0.091335
6560	0.091717
6565	0.090943
6570	0.091167
6575	0.093374
6580	0.092974
6585	0.093044
6590	0.093893
6595	0.094392
6600	0.094801
6605	0.094612
6610	0.094533
6615	0.095249
6620	0.095002
6625	0.095667
6630	0.096162
6635	0.095708
6640	0.096402
6645	0.095930
6650	0.096660
6655	0.096013
6660	0.096650
6665	0.095883
6670	0.094981
6675	0.096771
6680	0.097144
6685	0.097554
6690	0.097919
6695	0.097672
6700	0.098012
6705	0.098444
6710	0.098617
6715	0.098817
6720	0.099204
6725	0.099029
6730	0.099192
6735	0.099283
6740	0.099309
6745	0.099859
6750	0.099929
6755	0.100206
6760	0.099908
6765	0.100248
6770	0.099922
6775	0.100665
6780	0.100906
6785	0.100990
6790	0.100950
6795	0.098217
6800	0.100148
6805	0.100735
6810	0.100883
6815	0.101629
6820	0.101772
6825	0.101599
6830	0.101353
6835	0.102593
6840	0.102207
6845	0.101904
6850	0.102076
6855	0.102061
6860	0.102620
6865	0.103130
6870	0.102948
6875	0.103157
6880	0.104845
6885	0.104150
6890	0.104100
6895	0.104569
6900	0.105505
6905	0.105746
6910	0.105271
6915	0.105224
6920	0.105936
6925	0.106268
6930	0.106420
6935	0.106665
6940	0.107898
6945	0.106449
6950	0.107302
6955	0.106495
6960	0.107120
6965	0.108592
6970	0.107913
6975	0.108219
6980	0.107807
6985	0.107804
6990	0.107538
6995	0.108034
7000	0.108444
7005	0.109397
7010	0.109077
7015	0.109319
7020	0.109628
7025	0.109223
7030	0.109854
7035	0.110471
7040	0.110987
7045	0.110749
7050	0.109524
7055	0.111140
7060	0.111177
7065	0.111439
7070	0.111802
7075	0.112864
7080	0.112849
7085	0.112838
7090	0.112708
7095	0.112615
7100	0.113320
7105	0.114218
7110	0.114912
7115	0.115019
7120	0.114984
7125	0.115747
7130	0.115653
7135	0.115189
7140	0.115293
7145	0.115758
7150	0.116448
7155	0.116498
7160	0.120250
7165	0.120404
7170	0.121106
7175	0.120780
7180	0.121819
7185	0.120139
7190	0.117330
7195	0.118150
7200	0.118490
7205	0.113981
7210	0.113194
7215	0.113277
7220	0.113429
7225	0.112782
7230	0.112587
7235	0.114689
7240	0.117766
7245	0.113491
7250	0.113353
7255	0.112943
7260	0.112942
7265	0.113410
7270	0.112829
7275	0.113248
7280	0.113014
7285	0.113133
7290	0.112823
7295	0.113073
7300	0.114281
7305	0.113515
7310	0.113518
7315	0.113961
7320	0.113618
7325	0.113266
7330	0.114578
7335	0.113871
7340	0.114716
7345	0.114823
7350	0.114363
7355	0.114209
7360	0.114205
7365	0.114331
7370	0.114545
7375	0.114732
7380	0.114775
7385	0.115181
7390	0.115240
7395	0.115719
7400	0.115898
7405	0.115616
7410	0.116829
7415	0.116706
7420	0.115835
7425	0.116167
7430	0.117041
7435	0.116435
7440	0.117118
7445	0.116755
7450	0.117080
7455	0.117554
7460	0.117623
7465	0.117479
7470	0.117358
7475	0.117589
7480	0.117358
7485	0.118532
7490	0.118341
7495	0.118267
7500	0.118147
7505	0.119190
7510	0.118900
7515	0.119010
7520	0.119581
7525	0.119480
7530	0.119448
7535	0.120158
7540	0.119522
7545	0.119794
7550	0.119922
7555	0.120842
7560	0.120357
7565	0.121022
7570	0.121146
7575	0.120902
7580	0.121251
7585	0.121621
7590	0.121541
7595	0.121652
7600	0.121711
7605	0.122160
7610	0.122324
7615	0.122764
7620	0.122707
7625	0.122808
7630	0.123204
7635	0.123300
7640	0.123542
7645	0.123772
7650	0.123981
7655	0.124012
7660	0.124312
7665	0.124538
7670	0.124276
7675	0.124795
7680	0.124795
7685	0.125549
7690	0.125235
7695	0.125756
7700	0.125677
7705	0.125679
7710	0.126038
7715	0.125927
7720	0.126169
7725	0.126328
7730	0.126100
7735	0.126541
7740	0.126493
7745	0.126692
7750	0.127224
7755	0.127157
7760	0.127430
7765	0.127815
7770	0.128232
7775	0.127969
7780	0.128252
7785	0.129282
7790	0.128553
7795	0.129057
7800	0.128539
7805	0.128612
7810	0.129817
7815	0.129911
7820	0.129759
7825	0.130598
7830	0.130104
7835	0.130556
7840	0.130421
7845	0.130552
7850	0.131176
7855	0.130787
7860	0.131922
7865	0.132443
7870	0.131283
7875	0.131591
7880	0.131819
7885	0.132165
7890	0.132137
7895	0.132217
7900	0.132782
7905	0.132537
7910	0.132625
7915	0.132913
7920	0.133311
7925	0.133697
7930	0.134697
7935	0.134395
7940	0.133816
7945	0.134207
7950	0.135174
7955	0.134238
7960	0.134600
7965	0.134658
7970	0.135281
7975	0.135814
7980	0.135217
7985	0.135280
7990	0.135367
7995	0.136306
8000	0.136315
8005	0.136586
8010	0.136650
8015	0.135613
8020	0.136406
8025	0.137305
8030	0.137116
8035	0.137847
8040	0.138040
8045	0.137838
8050	0.138447
8055	0.138460
8060	0.139249
8065	0.138888
8070	0.138130
8075	0.139287
8080	0.139231
8085	0.139096
8090	0.139019
8095	0.139438
8100	0.140027
8105	0.140291
8110	0.140227
8115	0.140870
8120	0.140452
8125	0.141240
8130	0.141198
8135	0.141416
8140	0.142040
8145	0.141739
8150	0.141784
8155	0.141971
8160	0.141619
8165	0.142263
8170	0.142649
8175	0.142240
8180	0.142485
8185	0.142610
8190	0.143365
8195	0.143797
8200	0.143608
8205	0.143831
8210	0.144338
8215	0.143981
8220	0.144109
8225	0.144584
8230	0.144536
8235	0.144694
8240	0.144717
8245	0.144936
8250	0.145148
8255	0.145339
8260	0.145480
8265	0.145830
8270	0.145864
8275	0.146346
8280	0.146759
8285	0.146728
8290	0.146934
8295	0.147482
8300	0.147428
8305	0.147120
8310	0.147934
8315	0.148233
8320	0.148545
8325	0.148627
8330	0.148867
8335	0.149217
8340	0.149559
8345	0.149798
8350	0.149192
8355	0.149327
8360	0.150221
8365	0.150278
8370	0.150811
8375	0.150409
8380	0.151022
8385	0.151516
8390	0.151530
8395	0.151464
8400	0.151356
8405	0.151438
8410	0.152211
8415	0.152378
8420	0.152097
8425	0.152815
8430	0.153498
8435	0.152767
8440	0.152987
8445	0.153212
8450	0.153876
8455	0.153484
8460	0.154133
8465	0.154158
8470	0.154075
8475	0.154869
8480	0.154490
8485	0.155059
8490	0.155061
8495	0.155108
8500	0.155219
8505	0.155539
8510	0.155732
8515	0.156466
8520	0.156066
8525	0.156152
8530	0.156389
8535	0.156821
8540	0.156940
8545	0.156885
8550	0.157678
8555	0.157748
8560	0.157620
8565	0.158213
8570	0.158897
8575	0.158660
8580	0.158765
8585	0.158452
8590	0.158725
8595	0.159408
8600	0.159244
8605	0.159624
8610	0.159370
8615	0.159578
8620	0.160605
8625	0.160527
8630	0.160698
8635	0.161392
8640	0.161293
8645	0.161199
8650	0.162191
8655	0.162467
8660	0.162417
8665	0.162624
8670	0.162559
8675	0.162421
8680	0.162317
8685	0.163118
8690	0.163445
8695	0.162777
8700	0.163232
8705	0.163148
8710	0.163479
8715	0.164515
8720	0.164072
8725	0.164557
8730	0.164931
8735	0.164762
8740	0.165646
8745	0.165783
8750	0.165553
8755	0.166046
8760	0.166092
8765	0.166454
8770	0.165846
8775	0.166534
8780	0.166300
8785	0.166781
8790	0.167048
8795	0.167051
8800	0.167897
8805	0.167767
8810	0.167630
8815	0.167886
8820	0.168251
8825	0.168682
8830	0.168160
8835	0.169010
8840	0.168343
8845	0.168726
8850	0.169495
8855	0.169437
8860	0.169370
8865	0.170550
8870	0.170658
8875	0.170579
8880	0.171943
8885	0.170711
8890	0.171086
8895	0.171177
8900	0.171447
8905	0.172157
8910	0.171765
8915	0.172203
8920	0.171977
8925	0.172297
8930	0.172676
8935	0.173051
8940	0.172857
8945	0.173188
8950	0.173523
8955	0.174125
8960	0.173886
8965	0.173951
8970	0.174302
8975	0.174531
8980	0.174854
8985	0.174997
8990	0.175741
8995	0.174856
9000	0.175693
9005	0.176046
9010	0.176396
9015	0.176040
9020	0.176775
9025	0.177042
9030	0.177059
9035	0.177565
9040	0.177669
9045	0.177417
9050	0.177506
9055	0.177867
9060	0.178380
9065	0.178161
9070	0.179207
9075	0.179741
9080	0.180386
9085	0.180198
9090	0.179859
9095	0.181147
9100	0.180441
9105	0.181037
9110	0.180942
9115	0.180471
9120	0.180548
9125	0.180666
9130	0.180919
9135	0.180852
9140	0.183549
9145	0.182913
9150	0.172164
9155	0.164004
9160	0.164114
9165	0.164706
9170	0.164451
9175	0.165726
9180	0.164624
9185	0.164398
9190	0.167311
9195	0.167904
9200	0.168442
9205	0.168803
9210	0.169975
9215	0.169087
9220	0.168901
9225	0.169350
9230	0.170026
9235	0.169800
9240	0.170133
9245	0.171117
9250	0.171141
9255	0.171234
9260	0.171768
9265	0.172035
9270	0.171811
9275	0.171992
9280	0.172522
9285	0.173000
9290	0.172546
9295	0.173111
9300	0.173341
9305	0.173627
9310	0.173833
9315	0.174003
9320	0.173799
9325	0.174507
9330	0.174291
9335	0.175029
9340	0.175607
9345	0.175499
9350	0.176532
9355	0.176328
9360	0.176735
9365	0.176641
9370	0.177095
9375	0.176551
9380	0.177641
9385	0.177853
9390	0.177334
9395	0.178306
9400	0.178400
9405	0.179142
9410	0.178715
9415	0.179819
9420	0.179015
9425	0.180226
9430	0.179482
9435	0.180416
9440	0.180317
9445	0.180255
9450	0.180666
9455	0.180112
9460	0.180835
9465	0.180129
9470	0.181504
9475	0.181014
9480	0.181621
9485	0.181795
9490	0.181487
9495	0.181439
9500	0.182192
9505	0.182758
9510	0.183066
9515	0.182480
9520	0.182900
9525	0.183148
9530	0.183561
9535	0.183687
9540	0.183679
9545	0.183681
9550	0.183968
9555	0.184238
9560	0.185005
9565	0.184908
9570	0.185402
9575	0.185464
9580	0.185288
9585	0.185884
9590	0.186629
9595	0.186116
9600	0.186179
9605	0.186377
9610	0.186943
9615	0.186684
9620	0.188225
9625	0.187634
9630	0.187943
9635	0.187874
9640	0.187969
9645	0.188363
9650	0.188632
9655	0.189480
9660	0.189991
9665	0.189457
9670	0.189811
9675	0.190429
9680	0.190098
9685	0.190438
9690	0.190735
9695	0.190639
9700	0.190312
9705	0.191503
9710	0.191230
9715	0.191849
9720	0.191937
9725	0.191461
9730	0.192207
9735	0.192139
9740	0.192465
9745	0.193064
9750	0.193639
9755	0.193493
9760	0.192961
9765	0.193428
9770	0.194039
9775	0.193597
9780	0.194043
9785	0.194189
9790	0.194671
9795	0.195235
9800	0.195031
9805	0.195010
9810	0.196284
9815	0.195980
9820	0.196411
9825	0.196530
9830	0.196369
9835	0.196052
9840	0.197353
9845	0.197006
9850	0.198486
9855	0.198235
9860	0.198108
9865	0.199096
9870	0.198336
9875	0.198056
9880	0.199075
9885	0.199501
9890	0.199819
9895	0.199625
9900	0.200785
9905	0.200340
9910	0.199949
9915	0.201318
9920	0.201323
9925	0.200806
9930	0.201722
9935	0.201795
9940	0.201937
9945	0.202307
9950	0.202597
9955	0.202156
9960	0.202870
9965	0.202007
9970	0.202650
9975	0.203109
9980	0.203360
9985	0.203298
9990	0.203521
9995	0.203552
10000	0.204290
