25	0.000001
30	0.000001
35	0.000001
40	0.000001
45	0.000002
50	0.000002
55	0.000002
60	0.000002
65	0.000003
70	0.000003
75	0.000003
80	0.000003
85	0.000004
90	0.000004
95	0.000004
100	0.000004
105	0.000004
110	0.000005
115	0.000005
120	0.000005
125	0.000005
130	0.000006
135	0.000006
140	0.000006
145	0.000006
150	0.000007
155	0.000007
160	0.000007
165	0.000007
170	0.000008
175	0.000008
180	0.000008
185	0.000009
190	0.000010
195	0.000009
200	0.000009
205	0.000009
210	0.000010
215	0.000010
220	0.000010
225	0.000011
230	0.000010
235	0.000010
240	0.000011
245	0.000011
250	0.000012
255	0.000012
260	0.000013
265	0.000013
270	0.000012
275	0.000013
280	0.000013
285	0.000013
290	0.000013
295	0.000014
300	0.000014
305	0.000014
310	0.000015
315	0.000015
320	0.000015
325	0.000016
330	0.000015
335	0.000016
340	0.000017
345	0.000016
350	0.000016
355	0.000017
360	0.000017
365	0.000019
370	0.000018
375	0.000018
380	0.000018
385	0.000018
390	0.000019
395	0.000019
400	0.000020
405	0.000021
410	0.000020
415	0.000020
420	0.000020
425	0.000020
430	0.000020
435	0.000021
440	0.000021
445	0.000022
450	0.000022
455	0.000022
460	0.000022
465	0.000023
470	0.000023
475	0.000023
480	0.000023
485	0.000024
490	0.000024
495	0.000024
500	0.000025
505	0.000024
510	0.000024
515	0.000025
520	0.000026
525	0.000026
530	0.000026
535	0.000026
540	0.000026
545	0.000027
550	0.000028
555	0.000027
560	0.000028
565	0.000029
570	0.000029
575	0.000028
580	0.000028
585	0.000028
590	0.000028
595	0.000029
600	0.000030
605	0.000029
610	0.000031
615	0.000030
620	0.000031
625	0.000031
630	0.000031
635	0.000031
640	0.000032
645	0.000033
650	0.000032
655	0.000033
660	0.000033
665	0.000033
670	0.000034
675	0.000034
680	0.000034
685	0.000034
690	0.000034
695	0.000035
700	0.000034
705	0.000035
710	0.000035
715	0.000036
720	0.000036
725	0.000036
730	0.000037
735	0.000037
740	0.000037
745	0.000038
750	0.000038
755	0.000038
760	0.000039
765	0.000038
770	0.000039
775	0.000039
780	0.000039
785	0.000040
790	0.000041
795	0.000041
800	0.000040
805	0.000041
810	0.000041
815	0.000042
820	0.000042
825	0.000042
830	0.000042
835	0.000043
840	0.000044
845	0.000042
850	0.000043
855	0.000044
860	0.000045
865	0.000044
870	0.000044
875	0.000047
880	0.000045
885	0.000045
890	0.000045
895	0.000046
900	0.000047
905	0.000047
910	0.000046
915	0.000047
920	0.000048
925	0.000049
930	0.000047
935	0.000048
940	0.000047
945	0.000051
950	0.000049
955	0.000049
960	0.000050
965	0.000050
970	0.000052
975	0.000050
980	0.000050
985	0.000051
990	0.000052
995	0.000052
1000	0.000052
1005	0.000053
1010	0.000052
1015	0.000053
1020	0.000054
1025	0.000053
1030	0.000053
1035	0.000054
1040	0.000055
1045	0.000054
1050	0.000054
1055	0.000055
1060	0.000057
1065	0.000056
1070	0.000055
1075	0.000056
1080	0.000058
1085	0.000057
1090	0.000057
1095	0.000058
1100	0.000057
1105	0.000060
1110	0.000059
1115	0.000060
1120	0.000058
1125	0.000059
1130	0.000059
1135	0.000060
1140	0.000060
1145	0.000060
1150	0.000059
1155	0.000061
1160	0.000061
1165	0.000061
1170	0.000062
1175	0.000062
1180	0.000062
1185	0.000063
1190	0.000063
1195	0.000062
1200	0.000064
1205	0.000065
1210	0.000065
1215	0.000066
1220	0.000064
1225	0.000065
1230	0.000065
1235	0.000064
1240	0.000068
1245	0.000066
1250	0.000065
1255	0.000067
1260	0.000067
1265	0.000066
1270	0.000067
1275	0.000068
1280	0.000068
1285	0.000069
1290	0.000069
1295	0.000071
1300	0.000071
1305	0.000070
1310	0.000071
1315	0.000072
1320	0.000071
1325	0.000072
1330	0.000072
1335	0.000073
1340	0.000072
1345	0.000073
1350	0.000074
1355	0.000073
1360	0.000075
1365	0.000073
1370	0.000073
1375	0.000074
1380	0.000075
1385	0.000075
1390	0.000073
1395	0.000075
1400	0.000075
1405	0.000075
1410	0.000076
1415	0.000075
1420	0.000077
1425	0.000077
1430	0.000076
1435	0.000077
1440	0.000076
1445	0.000076
1450	0.000077
1455	0.000079
1460	0.000077
1465	0.000079
1470	0.000077
1475	0.000079
1480	0.000079
1485	0.000079
1490	0.000083
1495	0.000081
1500	0.000081
1505	0.000080
1510	0.000080
1515	0.000082
1520	0.000080
1525	0.000081
1530	0.000082
1535	0.000082
1540	0.000082
1545	0.000083
1550	0.000083
1555	0.000084
1560	0.000083
1565	0.000084
1570	0.000085
1575	0.000085
1580	0.000086
1585	0.000086
1590	0.000086
1595	0.000085
1600	0.000087
1605	0.000085
1610	0.000087
1615	0.000087
1620	0.000088
1625	0.000088
1630	0.000088
1635	0.000088
1640	0.000087
1645	0.000089
1650	0.000090
1655	0.000088
1660	0.000090
1665	0.000091
1670	0.000092
1675	0.000093
1680	0.000094
1685	0.000092
1690	0.000094
1695	0.000094
1700	0.000095
1705	0.000093
1710	0.000095
1715	0.000095
1720	0.000096
1725	0.000097
1730	0.000095
1735	0.000097
1740	0.000097
1745	0.000096
1750	0.000097
1755	0.000099
1760	0.000098
1765	0.000096
1770	0.000098
1775	0.000098
1780	0.000099
1785	0.000101
1790	0.000099
1795	0.000100
1800	0.000100
1805	0.000101
1810	0.000102
1815	0.000102
1820	0.000102
1825	0.000101
1830	0.000102
1835	0.000104
1840	0.000103
1845	0.000103
1850	0.000102
1855	0.000103
1860	0.000103
1865	0.000104
1870	0.000104
1875	0.000105
1880	0.000105
1885	0.000104
1890	0.000104
1895	0.000107
1900	0.000105
1905	0.000105
1910	0.000107
1915	0.000107
1920	0.000106
1925	0.000104
1930	0.000108
1935	0.000107
1940	0.000105
1945	0.000106
1950	0.000106
1955	0.000107
1960	0.000106
1965	0.000107
1970	0.000106
1975	0.000107
1980	0.000106
1985	0.000108
1990	0.000108
1995	0.000111
2000	0.000110
2005	0.000108
2010	0.000110
2015	0.000110
2020	0.000111
2025	0.000109
2030	0.000110
2035	0.000109
2040	0.000110
2045	0.000111
2050	0.000113
2055	0.000112
2060	0.000111
2065	0.000114
2070	0.000114
2075	0.000115
2080	0.000115
2085	0.000114
2090	0.000114
2095	0.000114
2100	0.000118
2105	0.000117
2110	0.000115
2115	0.000116
2120	0.000118
2125	0.000116
2130	0.000117
2135	0.000117
2140	0.000117
2145	0.000118
2150	0.000100
2155	0.000099
2160	0.000101
2165	0.000100
2170	0.000104
2175	0.000104
2180	0.000103
2185	0.000106
2190	0.000115
2195	0.000118
2200	0.000120
2205	0.000122
2210	0.000121
2215	0.000120
2220	0.000124
2225	0.000124
2230	0.000123
2235	0.000124
2240	0.000123
2245	0.000128
2250	0.000127
2255	0.000126
2260	0.000128
2265	0.000126
2270	0.000126
2275	0.000127
2280	0.000128
2285	0.000129
2290	0.000126
2295	0.000129
2300	0.000131
2305	0.000127
2310	0.000128
2315	0.000128
2320	0.000133
2325	0.000128
2330	0.000129
2335	0.000130
2340	0.000131
2345	0.000131
2350	0.000131
2355	0.000130
2360	0.000131
2365	0.000131
2370	0.000130
2375	0.000132
2380	0.000130
2385	0.000131
2390	0.000133
2395	0.000133
2400	0.000132
2405	0.000132
2410	0.000111
2415	0.000114
2420	0.000119
2425	0.000119
2430	0.000120
2435	0.000122
2440	0.000122
2445	0.000122
2450	0.000122
2455	0.000113
2460	0.000123
2465	0.000124
2470	0.000117
2475	0.000121
2480	0.000122
2485	0.000123
2490	0.000123
2495	0.000123
2500	0.000125
2505	0.000124
2510	0.000125
2515	0.000126
2520	0.000126
2525	0.000127
2530	0.000126
2535	0.000128
2540	0.000120
2545	0.000121
2550	0.000121
2555	0.000125
2560	0.000123
2565	0.000127
2570	0.000126
2575	0.000127
2580	0.000126
2585	0.000128
2590	0.000128
2595	0.000127
2600	0.000126
2605	0.000128
2610	0.000130
2615	0.000130
2620	0.000127
2625	0.000130
2630	0.000130
2635	0.000129
2640	0.000131
2645	0.000129
2650	0.000130
2655	0.000132
2660	0.000134
2665	0.000130
2670	0.000132
2675	0.000132
2680	0.000136
2685	0.000133
2690	0.000134
2695	0.000135
2700	0.000135
2705	0.000132
2710	0.000135
2715	0.000135
2720	0.000134
2725	0.000137
2730	0.000135
2735	0.000137
2740	0.000138
2745	0.000135
2750	0.000138
2755	0.000136
2760	0.000139
2765	0.000136
2770	0.000140
2775	0.000138
2780	0.000136
2785	0.000139
2790	0.000137
2795	0.000139
2800	0.000143
2805	0.000138
2810	0.000139
2815	0.000137
2820	0.000139
2825	0.000141
2830	0.000139
2835	0.000140
2840	0.000143
2845	0.000140
2850	0.000142
2855	0.000143
2860	0.000142
2865	0.000141
2870	0.000145
2875	0.000155
2880	0.000159
2885	0.000160
2890	0.000150
2895	0.000141
2900	0.000143
2905	0.000143
2910	0.000143
2915	0.000145
2920	0.000144
2925	0.000146
2930	0.000144
2935	0.000146
2940	0.000150
2945	0.000148
2950	0.000149
2955	0.000147
2960	0.000149
2965	0.000148
2970	0.000148
2975	0.000147
2980	0.000150
2985	0.000149
2990	0.000149
2995	0.000151
3000	0.000153
3005	0.000149
3010	0.000154
3015	0.000152
3020	0.000155
3025	0.000153
3030	0.000153
3035	0.000153
3040	0.000155
3045	0.000155
3050	0.000164
3055	0.000167
3060	0.000173
3065	0.000171
3070	0.000174
3075	0.000176
3080	0.000174
3085	0.000174
3090	0.000176
3095	0.000164
3100	0.000149
3105	0.000155
3110	0.000156
3115	0.000157
3120	0.000158
3125	0.000156
3130	0.000151
3135	0.000155
3140	0.000155
3145	0.000157
3150	0.000157
3155	0.000157
3160	0.000159
3165	0.000159
3170	0.000156
3175	0.000159
3180	0.000159
3185	0.000156
3190	0.000173
3195	0.000178
3200	0.000180
3205	0.000182
3210	0.000184
3215	0.000186
3220	0.000184
3225	0.000187
3230	0.000189
3235	0.000186
3240	0.000156
3245	0.000156
3250	0.000179
3255	0.000187
3260	0.000191
3265	0.000191
3270	0.000194
3275	0.000165
3280	0.000161
3285	0.000166
3290	0.000167
3295	0.000169
3300	0.000169
3305	0.000167
3310	0.000188
3315	0.000191
3320	0.000191
3325	0.000192
3330	0.000191
3335	0.000194
3340	0.000191
3345	0.000196
3350	0.000195
3355	0.000194
3360	0.000195
3365	0.000196
3370	0.000195
3375	0.000190
3380	0.000197
3385	0.000194
3390	0.000194
3395	0.000196
3400	0.000192
3405	0.000199
3410	0.000195
3415	0.000197
3420	0.000193
3425	0.000198
3430	0.000195
3435	0.000196
3440	0.000198
3445	0.000197
3450	0.000199
3455	0.000202
3460	0.000195
3465	0.000200
3470	0.000202
3475	0.000198
3480	0.000200
3485	0.000204
3490	0.000203
3495	0.000200
3500	0.000203
3505	0.000199
3510	0.000205
3515	0.000200
3520	0.000205
3525	0.000202
3530	0.000203
3535	0.000201
3540	0.000207
3545	0.000205
3550	0.000206
3555	0.000221
3560	0.000172
3565	0.000174
3570	0.000178
3575	0.000191
3580	0.000177
3585	0.000176
3590	0.000183
3595	0.000185
3600	0.000182
3605	0.000186
3610	0.000185
3615	0.000185
3620	0.000186
3625	0.000187
3630	0.000187
3635	0.000187
3640	0.000191
3645	0.000188
3650	0.000191
3655	0.000188
3660	0.000188
3665	0.000186
3670	0.000190
3675	0.000189
3680	0.000190
3685	0.000189
3690	0.000192
3695	0.000192
3700	0.000191
3705	0.000193
3710	0.000192
3715	0.000191
3720	0.000189
3725	0.000195
3730	0.000191
3735	0.000194
3740	0.000193
3745	0.000194
3750	0.000196
3755	0.000196
3760	0.000196
3765	0.000194
3770	0.000193
3775	0.000194
3780	0.000194
3785	0.000192
3790	0.000195
3795	0.000195
3800	0.000198
3805	0.000197
3810	0.000200
3815	0.000197
3820	0.000200
3825	0.000201
3830	0.000199
3835	0.000196
3840	0.000199
3845	0.000199
3850	0.000199
3855	0.000189
3860	0.000192
3865	0.000199
3870	0.000200
3875	0.000197
3880	0.000197
3885	0.000202
3890	0.000200
3895	0.000201
3900	0.000198
3905	0.000199
3910	0.000205
3915	0.000200
3920	0.000202
3925	0.000199
3930	0.000203
3935	0.000203
3940	0.000204
3945	0.000209
3950	0.000206
3955	0.000200
3960	0.000204
3965	0.000201
3970	0.000202
3975	0.000201
3980	0.000215
3985	0.000226
3990	0.000227
3995	0.000228
4000	0.000234
4005	0.000216
4010	0.000234
4015	0.000236
4020	0.000217
4025	0.000191
4030	0.000210
4035	0.000217
4040	0.000210
4045	0.000208
4050	0.000209
4055	0.000231
4060	0.000233
4065	0.000234
4070	0.000234
4075	0.000237
4080	0.000233
4085	0.000241
4090	0.000238
4095	0.000239
4100	0.000238
4105	0.000241
4110	0.000229
4115	0.000237
4120	0.000242
4125	0.000238
4130	0.000257
4135	0.000238
4140	0.000203
4145	0.000210
4150	0.000208
4155	0.000206
4160	0.000209
4165	0.000210
4170	0.000212
4175	0.000218
4180	0.000217
4185	0.000214
4190	0.000217
4195	0.000223
4200	0.000219
4205	0.000219
4210	0.000218
4215	0.000218
4220	0.000215
4225	0.000219
4230	0.000223
4235	0.000218
4240	0.000215
4245	0.000231
4250	0.000243
4255	0.000211
4260	0.000215
4265	0.000221
4270	0.000212
4275	0.000215
4280	0.000216
4285	0.000247
4290	0.000249
4295	0.000253
4300	0.000258
4305	0.000255
4310	0.000253
4315	0.000251
4320	0.000258
4325	0.000257
4330	0.000254
4335	0.000253
4340	0.000258
4345	0.000255
4350	0.000254
4355	0.000256
4360	0.000257
4365	0.000256
4370	0.000259
4375	0.000254
4380	0.000259
4385	0.000257
4390	0.000232
4395	0.000237
4400	0.000260
4405	0.000262
4410	0.000262
4415	0.000262
4420	0.000262
4425	0.000262
4430	0.000261
4435	0.000261
4440	0.000261
4445	0.000261
4450	0.000267
4455	0.000261
4460	0.000262
4465	0.000258
4470	0.000264
4475	0.000261
4480	0.000262
4485	0.000263
4490	0.000264
4495	0.000237
4500	0.000269
4505	0.000227
4510	0.000228
4515	0.000266
4520	0.000265
4525	0.000265
4530	0.000269
4535	0.000268
4540	0.000236
4545	0.000230
4550	0.000230
4555	0.000232
4560	0.000229
4565	0.000230
4570	0.000236
4575	0.000240
4580	0.000236
4585	0.000237
4590	0.000241
4595	0.000240
4600	0.000241
4605	0.000240
4610	0.000241
4615	0.000245
4620	0.000240
4625	0.000249
4630	0.000285
4635	0.000243
4640	0.000245
4645	0.000240
4650	0.000245
4655	0.000248
4660	0.000240
4665	0.000253
4670	0.000269
4675	0.000271
4680	0.000276
4685	0.000277
4690	0.000274
4695	0.000277
4700	0.000275
4705	0.000280
4710	0.000278
4715	0.000280
4720	0.000279
4725	0.000278
4730	0.000293
4735	0.000262
4740	0.000276
4745	0.000249
4750	0.000249
4755	0.000241
4760	0.000244
4765	0.000273
4770	0.000284
4775	0.000239
4780	0.000244
4785	0.000243
4790	0.000244
4795	0.000249
4800	0.000251
4805	0.000279
4810	0.000287
4815	0.000285
4820	0.000289
4825	0.000283
4830	0.000285
4835	0.000286
4840	0.000287
4845	0.000285
4850	0.000291
4855	0.000289
4860	0.000266
4865	0.000246
4870	0.000254
4875	0.000264
4880	0.000257
4885	0.000256
4890	0.000256
4895	0.000255
4900	0.000254
4905	0.000260
4910	0.000255
4915	0.000262
4920	0.000258
4925	0.000260
4930	0.000256
4935	0.000257
4940	0.000261
4945	0.000259
4950	0.000261
4955	0.000257
4960	0.000251
4965	0.000262
4970	0.000265
4975	0.000260
4980	0.000262
4985	0.000289
4990	0.000299
4995	0.000299
5000	0.000296
5005	0.000299
5010	0.000300
5015	0.000299
5020	0.000297
5025	0.000300
5030	0.000297
5035	0.000299
5040	0.000298
5045	0.000305
5050	0.000299
5055	0.000304
5060	0.000303
5065	0.000302
5070	0.000302
5075	0.000298
5080	0.000304
5085	0.000299
5090	0.000302
5095	0.000297
5100	0.000310
5105	0.000306
5110	0.000301
5115	0.000305
5120	0.000308
5125	0.000305
5130	0.000309
5135	0.000308
5140	0.000308
5145	0.000307
5150	0.000308
5155	0.000302
5160	0.000300
5165	0.000260
5170	0.000268
5175	0.000270
5180	0.000275
5185	0.000271
5190	0.000270
5195	0.000275
5200	0.000273
5205	0.000270
5210	0.000276
5215	0.000275
5220	0.000272
5225	0.000275
5230	0.000279
5235	0.000271
5240	0.000254
5245	0.000266
5250	0.000271
5255	0.000269
5260	0.000276
5265	0.000273
5270	0.000306
5275	0.000312
5280	0.000317
5285	0.000317
5290	0.000319
5295	0.000314
5300	0.000320
5305	0.000317
5310	0.000276
5315	0.000280
5320	0.000271
5325	0.000273
5330	0.000286
5335	0.000322
5340	0.000277
5345	0.000279
5350	0.000277
5355	0.000284
5360	0.000281
5365	0.000283
5370	0.000280
5375	0.000279
5380	0.000284
5385	0.000279
5390	0.000286
5395	0.000286
5400	0.000296
5405	0.000276
5410	0.000279
5415	0.000281
5420	0.000271
5425	0.000283
5430	0.000280
5435	0.000285
5440	0.000291
5445	0.000282
5450	0.000289
5455	0.000289
5460	0.000288
5465	0.000293
5470	0.000293
5475	0.000294
5480	0.000289
5485	0.000297
5490	0.000296
5495	0.000293
5500	0.000291
5505	0.000292
5510	0.000293
5515	0.000291
5520	0.000289
5525	0.000311
5530	0.000324
5535	0.000329
5540	0.000331
5545	0.000333
5550	0.000322
5555	0.000277
5560	0.000296
5565	0.000293
5570	0.000299
5575	0.000300
5580	0.000293
5585	0.000291
5590	0.000294
5595	0.000300
5600	0.000315
5605	0.000337
5610	0.000337
5615	0.000337
5620	0.000341
5625	0.000338
5630	0.000325
5635	0.000283
5640	0.000294
5645	0.000298
5650	0.000302
5655	0.000301
5660	0.000302
5665	0.000299
5670	0.000299
5675	0.000300
5680	0.000303
5685	0.000306
5690	0.000303
5695	0.000304
5700	0.000300
5705	0.000307
5710	0.000299
5715	0.000301
5720	0.000297
5725	0.000342
5730	0.000346
5735	0.000344
5740	0.000346
5745	0.000341
5750	0.000346
5755	0.000354
5760	0.000348
5765	0.000342
5770	0.000347
5775	0.000349
5780	0.000348
5785	0.000348
5790	0.000346
5795	0.000350
5800	0.000330
5805	0.000295
5810	0.000301
5815	0.000303
5820	0.000310
5825	0.000307
5830	0.000336
5835	0.000347
5840	0.000357
5845	0.000348
5850	0.000351
5855	0.000358
5860	0.000350
5865	0.000350
5870	0.000352
5875	0.000364
5880	0.000355
5885	0.000349
5890	0.000338
5895	0.000299
5900	0.000307
5905	0.000314
5910	0.000315
5915	0.000315
5920	0.000309
5925	0.000313
5930	0.000312
5935	0.000305
5940	0.000313
5945	0.000306
5950	0.000306
5955	0.000318
5960	0.000325
5965	0.000313
5970	0.000309
5975	0.000314
5980	0.000321
5985	0.000319
5990	0.000318
5995	0.000320
6000	0.000316
6005	0.000315
6010	0.000323
6015	0.000322
6020	0.000322
6025	0.000326
6030	0.000321
6035	0.000321
6040	0.000324
6045	0.000329
6050	0.000323
6055	0.000325
6060	0.000324
6065	0.000326
6070	0.000321
6075	0.000324
6080	0.000325
6085	0.000324
6090	0.000329
6095	0.000326
6100	0.000321
6105	0.000325
6110	0.000321
6115	0.000326
6120	0.000343
6125	0.000367
6130	0.000366
6135	0.000376
6140	0.000369
6145	0.000369
6150	0.000366
6155	0.000367
6160	0.000371
6165	0.000387
6170	0.000318
6175	0.000348
6180	0.000368
6185	0.000312
6190	0.000326
6195	0.000327
6200	0.000333
6205	0.000330
6210	0.000322
6215	0.000332
6220	0.000330
6225	0.000337
6230	0.000332
6235	0.000333
6240	0.000338
6245	0.000331
6250	0.000335
6255	0.000337
6260	0.000328
6265	0.000336
6270	0.000376
6275	0.000383
6280	0.000379
6285	0.000384
6290	0.000386
6295	0.000383
6300	0.000385
6305	0.000382
6310	0.000387
6315	0.000378
6320	0.000387
6325	0.000383
6330	0.000381
6335	0.000391
6340	0.000382
6345	0.000384
6350	0.000388
6355	0.000386
6360	0.000385
6365	0.000397
6370	0.000410
6375	0.000335
6380	0.000334
6385	0.000336
6390	0.000341
6395	0.000346
6400	0.000369
6405	0.000362
6410	0.000388
6415	0.000421
6420	0.000328
6425	0.000338
6430	0.000344
6435	0.000343
6440	0.000341
6445	0.000350
6450	0.000341
6455	0.000343
6460	0.000347
6465	0.000343
6470	0.000343
6475	0.000342
6480	0.000345
6485	0.000341
6490	0.000349
6495	0.000349
6500	0.000355
6505	0.000347
6510	0.000346
6515	0.000350
6520	0.000344
6525	0.000344
6530	0.000353
6535	0.000351
6540	0.000352
6545	0.000352
6550	0.000353
6555	0.000343
6560	0.000343
6565	0.000345
6570	0.000333
6575	0.000341
6580	0.000353
6585	0.000363
6590	0.000352
6595	0.000349
6600	0.000354
6605	0.000366
6610	0.000362
6615	0.000365
6620	0.000354
6625	0.000359
6630	0.000350
6635	0.000358
6640	0.000358
6645	0.000357
6650	0.000354
6655	0.000362
6660	0.000360
6665	0.000356
6670	0.000364
6675	0.000360
6680	0.000360
6685	0.000361
6690	0.000361
6695	0.000352
6700	0.000363
6705	0.000363
6710	0.000368
6715	0.000365
6720	0.000363
6725	0.000361
6730	0.000367
6735	0.000358
6740	0.000353
6745	0.000364
6750	0.000362
6755	0.000364
6760	0.000369
6765	0.000363
6770	0.000363
6775	0.000368
6780	0.000367
6785	0.000368
6790	0.000366
6795	0.000366
6800	0.000368
6805	0.000367
6810	0.000368
6815	0.000371
6820	0.000370
6825	0.000366
6830	0.000374
6835	0.000364
6840	0.000370
6845	0.000376
6850	0.000372
6855	0.000382
6860	0.000388
6865	0.000371
6870	0.000371
6875	0.000373
6880	0.000374
6885	0.000368
6890	0.000373
6895	0.000370
6900	0.000373
6905	0.000386
6910	0.000377
6915	0.000373
6920	0.000376
6925	0.000372
6930	0.000371
6935	0.000384
6940	0.000381
6945	0.000376
6950	0.000381
6955	0.000377
6960	0.000374
6965	0.000374
6970	0.000386
6975	0.000416
6980	0.000430
6985	0.000433
6990	0.000386
6995	0.000371
7000	0.000381
7005	0.000379
7010	0.000384
7015	0.000383
7020	0.000376
7025	0.000382
7030	0.000382
7035	0.000376
7040	0.000386
7045	0.000380
7050	0.000389
7055	0.000434
7060	0.000433
7065	0.000378
7070	0.000381
7075	0.000384
7080	0.000385
7085	0.000381
7090	0.000393
7095	0.000383
7100	0.000384
7105	0.000387
7110	0.000395
7115	0.000386
7120	0.000382
7125	0.000382
7130	0.000390
7135	0.000383
7140	0.000385
7145	0.000386
7150	0.000388
7155	0.000388
7160	0.000390
7165	0.000391
7170	0.000393
7175	0.000385
7180	0.000393
7185	0.000383
7190	0.000396
7195	0.000391
7200	0.000398
7205	0.000385
7210	0.000389
7215	0.000391
7220	0.000385
7225	0.000389
7230	0.000391
7235	0.000390
7240	0.000394
7245	0.000392
7250	0.000393
7255	0.000394
7260	0.000395
7265	0.000394
7270	0.000389
7275	0.000396
7280	0.000394
7285	0.000399
7290	0.000388
7295	0.000397
7300	0.000394
7305	0.000396
7310	0.000388
7315	0.000396
7320	0.000402
7325	0.000396
7330	0.000385
7335	0.000440
7340	0.000448
7345	0.000459
7350	0.000452
7355	0.000453
7360	0.000456
7365	0.000455
7370	0.000455
7375	0.000405
7380	0.000398
7385	0.000393
7390	0.000395
7395	0.000400
7400	0.000401
7405	0.000398
7410	0.000409
7415	0.000401
7420	0.000397
7425	0.000400
7430	0.000412
7435	0.000406
7440	0.000401
7445	0.000409
7450	0.000408
7455	0.000406
7460	0.000407
7465	0.000406
7470	0.000413
7475	0.000410
7480	0.000416
7485	0.000414
7490	0.000413
7495	0.000411
7500	0.000409
7505	0.000409
7510	0.000392
7515	0.000396
7520	0.000408
7525	0.000416
7530	0.000410
7535	0.000407
7540	0.000404
7545	0.000414
7550	0.000409
7555	0.000402
7560	0.000410
7565	0.000413
7570	0.000413
7575	0.000413
7580	0.000410
7585	0.000416
7590	0.000406
7595	0.000421
7600	0.000411
7605	0.000440
7610	0.000461
7615	0.000469
7620	0.000470
7625	0.000470
7630	0.000452
7635	0.000405
7640	0.000413
7645	0.000405
7650	0.000407
7655	0.000413
7660	0.000417
7665	0.000419
7670	0.000418
7675	0.000420
7680	0.000413
7685	0.000420
7690	0.000413
7695	0.000408
7700	0.000414
7705	0.000419
7710	0.000418
7715	0.000429
7720	0.000467
7725	0.000420
7730	0.000414
7735	0.000419
7740	0.000422
7745	0.000417
7750	0.000427
7755	0.000420
7760	0.000420
7765	0.000416
7770	0.000424
7775	0.000419
7780	0.000424
7785	0.000420
7790	0.000418
7795	0.000425
7800	0.000430
7805	0.000423
7810	0.000429
7815	0.000429
7820	0.000439
7825	0.000431
7830	0.000431
7835	0.000413
7840	0.000422
7845	0.000432
7850	0.000431
7855	0.000427
7860	0.000425
7865	0.000426
7870	0.000426
7875	0.000429
7880	0.000429
7885	0.000433
7890	0.000440
7895	0.000442
7900	0.000429
7905	0.000428
7910	0.000430
7915	0.000428
7920	0.000431
7925	0.000436
7930	0.000438
7935	0.000435
7940	0.000433
7945	0.000439
7950	0.000431
7955	0.000430
7960	0.000433
7965	0.000435
7970	0.000438
7975	0.000433
7980	0.000434
7985	0.000430
7990	0.000436
7995	0.000439
8000	0.000439
8005	0.000438
8010	0.000439
8015	0.000444
8020	0.000437
8025	0.000441
8030	0.000444
8035	0.000440
8040	0.000437
8045	0.000444
8050	0.000443
8055	0.000439
8060	0.000442
8065	0.000433
8070	0.000442
8075	0.000437
8080	0.000446
8085	0.000452
8090	0.000504
8095	0.000478
8100	0.000430
8105	0.000440
8110	0.000449
8115	0.000444
8120	0.000440
8125	0.000444
8130	0.000443
8135	0.000441
8140	0.000442
8145	0.000446
8150	0.000449
8155	0.000456
8160	0.000457
8165	0.000467
8170	0.000515
8175	0.000503
8180	0.000509
8185	0.000520
8190	0.000506
8195	0.000513
8200	0.000480
8205	0.000472
8210	0.000437
8215	0.000452
8220	0.000449
8225	0.000451
8230	0.000455
8235	0.000449
8240	0.000441
8245	0.000450
8250	0.000449
8255	0.000440
8260	0.000439
8265	0.000452
8270	0.000450
8275	0.000457
8280	0.000447
8285	0.000451
8290	0.000451
8295	0.000501
8300	0.000515
8305	0.000518
8310	0.000512
8315	0.000508
8320	0.000481
8325	0.000446
8330	0.000460
8335	0.000459
8340	0.000456
8345	0.000462
8350	0.000458
8355	0.000469
8360	0.000468
8365	0.000465
8370	0.000491
8375	0.000491
8380	0.000448
8385	0.000446
8390	0.000462
8395	0.000459
8400	0.000455
8405	0.000457
8410	0.000466
8415	0.000507
8420	0.000525
8425	0.000519
8430	0.000522
8435	0.000527
8440	0.000528
8445	0.000515
8450	0.000456
8455	0.000453
8460	0.000446
8465	0.000452
8470	0.000463
8475	0.000460
8480	0.000467
8485	0.000519
8490	0.000521
8495	0.000506
8500	0.000440
8505	0.000465
8510	0.000519
8515	0.000524
8520	0.000447
8525	0.000460
8530	0.000469
8535	0.000463
8540	0.000468
8545	0.000466
8550	0.000468
8555	0.000459
8560	0.000467
8565	0.000482
8570	0.000491
8575	0.000461
8580	0.000472
8585	0.000476
8590	0.000466
8595	0.000470
8600	0.000467
8605	0.000471
8610	0.000484
8615	0.000471
8620	0.000482
8625	0.000473
8630	0.000478
8635	0.000474
8640	0.000475
8645	0.000481
8650	0.000476
8655	0.000477
8660	0.000472
8665	0.000475
8670	0.000473
8675	0.000474
8680	0.000471
8685	0.000467
8690	0.000477
8695	0.000477
8700	0.000477
8705	0.000480
8710	0.000473
8715	0.000477
8720	0.000478
8725	0.000477
8730	0.000486
8735	0.000475
8740	0.000478
8745	0.000483
8750	0.000480
8755	0.000496
8760	0.000484
8765	0.000479
8770	0.000491
8775	0.000481
8780	0.000487
8785	0.000482
8790	0.000484
8795	0.000532
8800	0.000484
8805	0.000481
8810	0.000481
8815	0.000479
8820	0.000472
8825	0.000483
8830	0.000481
8835	0.000482
8840	0.000494
8845	0.000482
8850	0.000488
8855	0.000491
8860	0.000548
8865	0.000552
8870	0.000560
8875	0.000569
8880	0.000551
8885	0.000553
8890	0.000557
8895	0.000483
8900	0.000489
8905	0.000487
8910	0.000488
8915	0.000497
8920	0.000501
8925	0.000503
8930	0.000497
8935	0.000482
8940	0.000490
8945	0.000490
8950	0.000500
8955	0.000499
8960	0.000495
8965	0.000500
8970	0.000497
8975	0.000496
8980	0.000496
8985	0.000493
8990	0.000502
8995	0.000493
9000	0.000506
9005	0.000493
9010	0.000504
9015	0.000491
9020	0.000497
9025	0.000487
9030	0.000484
9035	0.000493
9040	0.000484
9045	0.000490
9050	0.000502
9055	0.000498
9060	0.000499
9065	0.000490
9070	0.000497
9075	0.000483
9080	0.000495
9085	0.000546
9090	0.000563
9095	0.000559
9100	0.000569
9105	0.000569
9110	0.000571
9115	0.000546
9120	0.000487
9125	0.000496
9130	0.000502
9135	0.000505
9140	0.000503
9145	0.000507
9150	0.000507
9155	0.000505
9160	0.000505
9165	0.000507
9170	0.000510
9175	0.000514
9180	0.000502
9185	0.000508
9190	0.000505
9195	0.000501
9200	0.000508
9205	0.000505
9210	0.000504
9215	0.000505
9220	0.000513
9225	0.000517
9230	0.000501
9235	0.000505
9240	0.000507
9245	0.000514
9250	0.000507
9255	0.000515
9260	0.000516
9265	0.000515
9270	0.000513
9275	0.000510
9280	0.000518
9285	0.000511
9290	0.000517
9295	0.000517
9300	0.000511
9305	0.000509
9310	0.000514
9315	0.000515
9320	0.000515
9325	0.000517
9330	0.000516
9335	0.000517
9340	0.000517
9345	0.000515
9350	0.000518
9355	0.000515
9360	0.000519
9365	0.000507
9370	0.000512
9375	0.000517
9380	0.000519
9385	0.000522
9390	0.000522
9395	0.000520
9400	0.000524
9405	0.000517
9410	0.000516
9415	0.000517
9420	0.000515
9425	0.000521
9430	0.000527
9435	0.000529
9440	0.000533
9445	0.000518
9450	0.000528
9455	0.000532
9460	0.000533
9465	0.000534
9470	0.000523
9475	0.000523
9480	0.000524
9485	0.000527
9490	0.000528
9495	0.000528
9500	0.000527
9505	0.000530
9510	0.000538
9515	0.000592
9520	0.000579
9525	0.000513
9530	0.000528
9535	0.000529
9540	0.000527
9545	0.000569
9550	0.000602
9555	0.000605
9560	0.000597
9565	0.000596
9570	0.000602
9575	0.000598
9580	0.000610
9585	0.000615
9590	0.000604
9595	0.000607
9600	0.000569
9605	0.000518
9610	0.000523
9615	0.000520
9620	0.000529
9625	0.000534
9630	0.000534
9635	0.000542
9640	0.000541
9645	0.000542
9650	0.000539
9655	0.000545
9660	0.000543
9665	0.000549
9670	0.000543
9675	0.000538
9680	0.000519
9685	0.000539
9690	0.000606
9695	0.000611
9700	0.000608
9705	0.000586
9710	0.000515
9715	0.000584
9720	0.000615
9725	0.000607
9730	0.000622
9735	0.000624
9740	0.000579
9745	0.000554
9750	0.000528
9755	0.000530
9760	0.000530
9765	0.000529
9770	0.000591
9775	0.000609
9780	0.000621
9785	0.000618
9790	0.000628
9795	0.000633
9800	0.000615
9805	0.000616
9810	0.000566
9815	0.000537
9820	0.000538
9825	0.000580
9830	0.000617
9835	0.000618
9840	0.000622
9845	0.000626
9850	0.000620
9855	0.000567
9860	0.000533
9865	0.000534
9870	0.000545
9875	0.000578
9880	0.000622
9885	0.000615
9890	0.000620
9895	0.000618
9900	0.000615
9905	0.000605
9910	0.000533
9915	0.000547
9920	0.000544
9925	0.000540
9930	0.000554
9935	0.000547
9940	0.000560
9945	0.000554
9950	0.000554
9955	0.000558
9960	0.000547
9965	0.000553
9970	0.000554
9975	0.000550
9980	0.000549
9985	0.000551
9990	0.000555
9995	0.000544
10000	0.000556
