25	0.000002
30	0.000002
35	0.000003
40	0.000004
45	0.000005
50	0.000005
55	0.000006
60	0.000008
65	0.000009
70	0.000010
75	0.000012
80	0.000013
85	0.000015
90	0.000016
95	0.000018
100	0.000020
105	0.000022
110	0.000024
115	0.000026
120	0.000029
125	0.000031
130	0.000033
135	0.000036
140	0.000037
145	0.000035
150	0.000038
155	0.000038
160	0.000037
165	0.000039
170	0.000039
175	0.000040
180	0.000041
185	0.000040
190	0.000041
195	0.000043
200	0.000044
205	0.000046
210	0.000048
215	0.000050
220	0.000052
225	0.000054
230	0.000058
235	0.000060
240	0.000062
245	0.000064
250	0.000067
255	0.000070
260	0.000073
265	0.000075
270	0.000078
275	0.000084
280	0.000084
285	0.000090
290	0.000094
295	0.000095
300	0.000100
305	0.000105
310	0.000106
315	0.000112
320	0.000115
325	0.000119
330	0.000123
335	0.000126
340	0.000130
345	0.000134
350	0.000137
355	0.000140
360	0.000145
365	0.000149
370	0.000153
375	0.000159
380	0.000163
385	0.000168
390	0.000173
395	0.000175
400	0.000199
405	0.000183
410	0.000188
415	0.000193
420	0.000198
425	0.000202
430	0.000206
435	0.000212
440	0.000216
445	0.000223
450	0.000229
455	0.000231
460	0.000239
465	0.000242
470	0.000250
475	0.000256
480	0.000257
485	0.000262
490	0.000269
495	0.000274
500	0.000283
505	0.000291
510	0.000294
515	0.000301
520	0.000303
525	0.000315
530	0.000318
535	0.000322
540	0.000330
545	0.000336
550	0.000341
555	0.000344
560	0.000357
565	0.000356
570	0.000363
575	0.000371
580	0.000383
585	0.000390
590	0.000393
595	0.000394
600	0.000406
605	0.000415
610	0.000419
615	0.000426
620	0.000432
625	0.000437
630	0.000451
635	0.000458
640	0.000457
645	0.000472
650	0.000470
655	0.000481
660	0.000493
665	0.000504
670	0.000509
675	0.000509
680	0.000516
685	0.000526
690	0.000531
695	0.000544
700	0.000547
705	0.000554
710	0.000569
715	0.000570
720	0.000578
725	0.000587
730	0.000606
735	0.000604
740	0.000611
745	0.000620
750	0.000631
755	0.000635
760	0.000651
765	0.000647
770	0.000666
775	0.000673
780	0.000678
785	0.000686
790	0.000700
795	0.000705
800	0.000714
805	0.000735
810	0.000729
815	0.000739
820	0.000750
825	0.000787
830	0.000779
835	0.000774
840	0.000786
845	0.000791
850	0.000811
855	0.000822
860	0.000835
865	0.000832
870	0.000844
875	0.000848
880	0.000861
885	0.000867
890	0.000877
895	0.000894
900	0.000905
905	0.000910
910	0.000924
915	0.000932
920	0.000942
925	0.001016
930	0.000969
935	0.000971
940	0.000982
945	0.000994
950	0.001008
955	0.001023
960	0.001029
965	0.001034
970	0.001047
975	0.001059
980	0.001068
985	0.001078
990	0.001094
995	0.001098
1000	0.001118
1005	0.001127
1010	0.001133
1015	0.001144
1020	0.001158
1025	0.001164
1030	0.001177
1035	0.001191
1040	0.001217
1045	0.001215
1050	0.001226
1055	0.001240
1060	0.001246
1065	0.001263
1070	0.001267
1075	0.001284
1080	0.001306
1085	0.001311
1090	0.001321
1095	0.001394
1100	0.001331
1105	0.001355
1110	0.001367
1115	0.001383
1120	0.001399
1125	0.001405
1130	0.001403
1135	0.001434
1140	0.001505
1145	0.001446
1150	0.001481
1155	0.001481
1160	0.001488
1165	0.001518
1170	0.001522
1175	0.001537
1180	0.001534
1185	0.001550
1190	0.001569
1195	0.001589
1200	0.001594
1205	0.001615
1210	0.001613
1215	0.001631
1220	0.001640
1225	0.001666
1230	0.001686
1235	0.001702
1240	0.001707
1245	0.001729
1250	0.001730
1255	0.001746
1260	0.001762
1265	0.001774
1270	0.001794
1275	0.001807
1280	0.001815
1285	0.001833
1290	0.001844
1295	0.001874
1300	0.001875
1305	0.001887
1310	0.001907
1315	0.001928
1320	0.001920
1325	0.001943
1330	0.002070
1335	0.001955
1340	0.001996
1345	0.002013
1350	0.002016
1355	0.002042
1360	0.002064
1365	0.002072
1370	0.002082
1375	0.002105
1380	0.002129
1385	0.002129
1390	0.002151
1395	0.002152
1400	0.002160
1405	0.002193
1410	0.002218
1415	0.002224
1420	0.002230
1425	0.002260
1430	0.002274
1435	0.002296
1440	0.002311
1445	0.002317
1450	0.002334
1455	0.002353
1460	0.002351
1465	0.002384
1470	0.002395
1475	0.002428
1480	0.002420
1485	0.002449
1490	0.002476
1495	0.002495
1500	0.002479
1505	0.002528
1510	0.002528
1515	0.002548
1520	0.002616
1525	0.002573
1530	0.002614
1535	0.002614
1540	0.002649
1545	0.002640
1550	0.002675
1555	0.002693
1560	0.002704
1565	0.002717
1570	0.002726
1575	0.002763
1580	0.002772
1585	0.002805
1590	0.002792
1595	0.002823
1600	0.002816
1605	0.002847
1610	0.002882
1615	0.002875
1620	0.002897
1625	0.002925
1630	0.002895
1635	0.002955
1640	0.003043
1645	0.002968
1650	0.003011
1655	0.003053
1660	0.003055
1665	0.003074
1670	0.003090
1675	0.003120
1680	0.003216
1685	0.003126
1690	0.003176
1695	0.003187
1700	0.003227
1705	0.003231
1710	0.003248
1715	0.003264
1720	0.003301
1725	0.003298
1730	0.003319
1735	0.003331
1740	0.003367
1745	0.003364
1750	0.003454
1755	0.003411
1760	0.003440
1765	0.003463
1770	0.003497
1775	0.003493
1780	0.003531
1785	0.003514
1790	0.003549
1795	0.003588
1800	0.003685
1805	0.003594
1810	0.003625
1815	0.003677
1820	0.003681
1825	0.003686
1830	0.003717
1835	0.003743
1840	0.003765
1845	0.003885
1850	0.003753
1855	0.003813
1860	0.003844
1865	0.003852
1870	0.003879
1875	0.003887
1880	0.003969
1885	0.003895
1890	0.003950
1895	0.003962
1900	0.003974
1905	0.004008
1910	0.004031
1915	0.004051
1920	0.004079
1925	0.004095
1930	0.004109
1935	0.004135
1940	0.004129
1945	0.004160
1950	0.004194
1955	0.004198
1960	0.004229
1965	0.004259
1970	0.004296
1975	0.004386
1980	0.004309
1985	0.004359
1990	0.004375
1995	0.004390
2000	0.004377
2005	0.004435
2010	0.004448
2015	0.004456
2020	0.004467
2025	0.004506
2030	0.004572
2035	0.004552
2040	0.004589
2045	0.004601
2050	0.004594
2055	0.004627
2060	0.004662
2065	0.004680
2070	0.004685
2075	0.004775
2080	0.004742
2085	0.004759
2090	0.004813
2095	0.004828
2100	0.004893
2105	0.004848
2110	0.004874
2115	0.004893
2120	0.004927
2125	0.004931
2130	0.004966
2135	0.004977
2140	0.005002
2145	0.005011
2150	0.005062
2155	0.005169
2160	0.005091
2165	0.005117
2170	0.005140
2175	0.005200
2180	0.005183
2185	0.005225
2190	0.005313
2195	0.005241
2200	0.005280
2205	0.005295
2210	0.005315
2215	0.005378
2220	0.005399
2225	0.005414
2230	0.005458
2235	0.005466
2240	0.005513
2245	0.005535
2250	0.005605
2255	0.005557
2260	0.005599
2265	0.005587
2270	0.005627
2275	0.005653
2280	0.005688
2285	0.005714
2290	0.005726
2295	0.005775
2300	0.005779
2305	0.005801
2310	0.005888
2315	0.005823
2320	0.005885
2325	0.005918
2330	0.005932
2335	0.005988
2340	0.005946
2345	0.005983
2350	0.005962
2355	0.006078
2360	0.006092
2365	0.006074
2370	0.006116
2375	0.006147
2380	0.006154
2385	0.006182
2390	0.006190
2395	0.006228
2400	0.006251
2405	0.006362
2410	0.006306
2415	0.006365
2420	0.006442
2425	0.006367
2430	0.006388
2435	0.006441
2440	0.006466
2445	0.006532
2450	0.006516
2455	0.006564
2460	0.006594
2465	0.006615
2470	0.006631
2475	0.006656
2480	0.006683
2485	0.006705
2490	0.006725
2495	0.006776
2500	0.006783
2505	0.006809
2510	0.006850
2515	0.006848
2520	0.006918
2525	0.006915
2530	0.006949
2535	0.006962
2540	0.006997
2545	0.007029
2550	0.007217
2555	0.007136
2560	0.007265
2565	0.007084
2570	0.007170
2575	0.007291
2580	0.007218
2585	0.007224
2590	0.007266
2595	0.007338
2600	0.007353
2605	0.007364
2610	0.007397
2615	0.007416
2620	0.007468
2625	0.007481
2630	0.007506
2635	0.007509
2640	0.007544
2645	0.007589
2650	0.007602
2655	0.007638
2660	0.007655
2665	0.007692
2670	0.007716
2675	0.007747
2680	0.007906
2685	0.007729
2690	0.007841
2695	0.007878
2700	0.007927
2705	0.007929
2710	0.007976
2715	0.007998
2720	0.007982
2725	0.008042
2730	0.008075
2735	0.008086
2740	0.008137
2745	0.008154
2750	0.008201
2755	0.008199
2760	0.008237
2765	0.008302
2770	0.008284
2775	0.008362
2780	0.008373
2785	0.008404
2790	0.008406
2795	0.008448
2800	0.008461
2805	0.008473
2810	0.008537
2815	0.008608
2820	0.008599
2825	0.008682
2830	0.008707
2835	0.008733
2840	0.008736
2845	0.008772
2850	0.008796
2855	0.008945
2860	0.008845
2865	0.008945
2870	0.008953
2875	0.008964
2880	0.008980
2885	0.009015
2890	0.009073
2895	0.009048
2900	0.009127
2905	0.009083
2910	0.009199
2915	0.009219
2920	0.009260
2925	0.009245
2930	0.009290
2935	0.009354
2940	0.009370
2945	0.009398
2950	0.009419
2955	0.009453
2960	0.009462
2965	0.009586
2970	0.009573
2975	0.009585
2980	0.009630
2985	0.009667
2990	0.009876
2995	0.009698
3000	0.009715
3005	0.009765
3010	0.009829
3015	0.009840
3020	0.009883
3025	0.009907
3030	0.009934
3035	0.009982
3040	0.010049
3045	0.010047
3050	0.010073
3055	0.010104
3060	0.010127
3065	0.010124
3070	0.010292
3075	0.010237
3080	0.010387
3085	0.010294
3090	0.010332
3095	0.010296
3100	0.010409
3105	0.010433
3110	0.010480
3115	0.010496
3120	0.010526
3125	0.010583
3130	0.010601
3135	0.010616
3140	0.010672
3145	0.010700
3150	0.010723
3155	0.010735
3160	0.010774
3165	0.010815
3170	0.010865
3175	0.010911
3180	0.010932
3185	0.010958
3190	0.011002
3195	0.011092
3200	0.011178
3205	0.011094
3210	0.011139
3215	0.011189
3220	0.011199
3225	0.011228
3230	0.011284
3235	0.011304
3240	0.011369
3245	0.011396
3250	0.011444
3255	0.011475
3260	0.011486
3265	0.011505
3270	0.011564
3275	0.011603
3280	0.011597
3285	0.011674
3290	0.011711
3295	0.011716
3300	0.011771
3305	0.011791
3310	0.011845
3315	0.011848
3320	0.011916
3325	0.011934
3330	0.012002
3335	0.012023
3340	0.012061
3345	0.012038
3350	0.012124
3355	0.012346
3360	0.012172
3365	0.012216
3370	0.012239
3375	0.012295
3380	0.012313
3385	0.012367
3390	0.012432
3395	0.012413
3400	0.012465
3405	0.012545
3410	0.012539
3415	0.012590
3420	0.012636
3425	0.012658
3430	0.012691
3435	0.012750
3440	0.012847
3445	0.012795
3450	0.012806
3455	0.012885
3460	0.013130
3465	0.012937
3470	0.012982
3475	0.013050
3480	0.013087
3485	0.013123
3490	0.013114
3495	0.013134
3500	0.013227
3505	0.013383
3510	0.013285
3515	0.013345
3520	0.013365
3525	0.013393
3530	0.013442
3535	0.013467
3540	0.013548
3545	0.013581
3550	0.013611
3555	0.013700
3560	0.013613
3565	0.013707
3570	0.013679
3575	0.013906
3580	0.013844
3585	0.013808
3590	0.013914
3595	0.013911
3600	0.014156
3605	0.014000
3610	0.014025
3615	0.014274
3620	0.014109
3625	0.014142
3630	0.014168
3635	0.014212
3640	0.014258
3645	0.014323
3650	0.014339
3655	0.014349
3660	0.014413
3665	0.014474
3670	0.014528
3675	0.014484
3680	0.014636
3685	0.014607
3690	0.014646
3695	0.014706
3700	0.014765
3705	0.014804
3710	0.014835
3715	0.014837
3720	0.014913
3725	0.014934
3730	0.014996
3735	0.015038
3740	0.015077
3745	0.015175
3750	0.015131
3755	0.015189
3760	0.015219
3765	0.015305
3770	0.015322
3775	0.015302
3780	0.015397
3785	0.015451
3790	0.015526
3795	0.015446
3800	0.015690
3805	0.015568
3810	0.015682
3815	0.015877
3820	0.015659
3825	0.015652
3830	0.015690
3835	0.015783
3840	0.015806
3845	0.015824
3850	0.015881
3855	0.015908
3860	0.015922
3865	0.015994
3870	0.016032
3875	0.016075
3880	0.016142
3885	0.016184
3890	0.016279
3895	0.016294
3900	0.016309
3905	0.016327
3910	0.016478
3915	0.016462
3920	0.016470
3925	0.016547
3930	0.016549
3935	0.016691
3940	0.016695
3945	0.016751
3950	0.016829
3955	0.016848
3960	0.016883
3965	0.016917
3970	0.016938
3975	0.016942
3980	0.017029
3985	0.017254
3990	0.017110
3995	0.017159
4000	0.017236
4005	0.017262
4010	0.017307
4015	0.017337
4020	0.017416
4025	0.017425
4030	0.017506
4035	0.017536
4040	0.017531
4045	0.017556
4050	0.017669
4055	0.017745
4060	0.017735
4065	0.017793
4070	0.017871
4075	0.017845
4080	0.017925
4085	0.017952
4090	0.017985
4095	0.018073
4100	0.018045
4105	0.018098
4110	0.018181
4115	0.018237
4120	0.018275
4125	0.018311
4130	0.018343
4135	0.018387
4140	0.018425
4145	0.018459
4150	0.018516
4155	0.018587
4160	0.018599
4165	0.018682
4170	0.018713
4175	0.018926
4180	0.018792
4185	0.018842
4190	0.018911
4195	0.018913
4200	0.018939
4205	0.019039
4210	0.019068
4215	0.019139
4220	0.019141
4225	0.019169
4230	0.019185
4235	0.019237
4240	0.019254
4245	0.019342
4250	0.019454
4255	0.019421
4260	0.019562
4265	0.019565
4270	0.019605
4275	0.019582
4280	0.019713
4285	0.019698
4290	0.019722
4295	0.019815
4300	0.019811
4305	0.019811
4310	0.019877
4315	0.019915
4320	0.019878
4325	0.019957
4330	0.020033
4335	0.020105
4340	0.020182
4345	0.020150
4350	0.020225
4355	0.020279
4360	0.020387
4365	0.020405
4370	0.020455
4375	0.020808
4380	0.020460
4385	0.020720
4390	0.020600
4395	0.020661
4400	0.020704
4405	0.020766
4410	0.020836
4415	0.021077
4420	0.021176
4425	0.020882
4430	0.021027
4435	0.020965
4440	0.021096
4445	0.021071
4450	0.021184
4455	0.021199
4460	0.021284
4465	0.021267
4470	0.021355
4475	0.021381
4480	0.021443
4485	0.021520
4490	0.021507
4495	0.021576
4500	0.021626
4505	0.021718
4510	0.021743
4515	0.021742
4520	0.021800
4525	0.021896
4530	0.021941
4535	0.021927
4540	0.021998
4545	0.022109
4550	0.022176
4555	0.022242
4560	0.022240
4565	0.022347
4570	0.022390
4575	0.022514
4580	0.022465
4585	0.022540
4590	0.022560
4595	0.022600
4600	0.022723
4605	0.022776
4610	0.022752
4615	0.022763
4620	0.023096
4625	0.022783
4630	0.022909
4635	0.022896
4640	0.023001
4645	0.023102
4650	0.023131
4655	0.023142
4660	0.023201
4665	0.023247
4670	0.023283
4675	0.023320
4680	0.023356
4685	0.023567
4690	0.023564
4695	0.023538
4700	0.023589
4705	0.023701
4710	0.023687
4715	0.023795
4720	0.023730
4725	0.023872
4730	0.024058
4735	0.024017
4740	0.024103
4745	0.024174
4750	0.024200
4755	0.024466
4760	0.024315
4765	0.024327
4770	0.024399
4775	0.024408
4780	0.024515
4785	0.024530
4790	0.024569
4795	0.024660
4800	0.024710
4805	0.024917
4810	0.024749
4815	0.024826
4820	0.024840
4825	0.024976
4830	0.025292
4835	0.025020
4840	0.025057
4845	0.025140
4850	0.025182
4855	0.025252
4860	0.025314
4865	0.025352
4870	0.025411
4875	0.025510
4880	0.025456
4885	0.025478
4890	0.025504
4895	0.025562
4900	0.025653
4905	0.025771
4910	0.025767
4915	0.025779
4920	0.025882
4925	0.025984
4930	0.025975
4935	0.025976
4940	0.026045
4945	0.026100
4950	0.026240
4955	0.026241
4960	0.026282
4965	0.026401
4970	0.026360
4975	0.026380
4980	0.026508
4985	0.026868
4990	0.026613
4995	0.026655
5000	0.026659
5005	0.026784
5010	0.026842
5015	0.026942
5020	0.026897
5025	0.026957
5030	0.026979
5035	0.027052
5040	0.027196
5045	0.027259
5050	0.027361
5055	0.027354
5060	0.027404
5065	0.027478
5070	0.027580
5075	0.027550
5080	0.027583
5085	0.027686
5090	0.027727
5095	0.027804
5100	0.027819
5105	0.027914
5110	0.027958
5115	0.028007
5120	0.028070
5125	0.028093
5130	0.028207
5135	0.028266
5140	0.028315
5145	0.028376
5150	0.028647
5155	0.028358
5160	0.028513
5165	0.028524
5170	0.028665
5175	0.028614
5180	0.028675
5185	0.029150
5190	0.028684
5195	0.028738
5200	0.028832
5205	0.028882
5210	0.028937
5215	0.029097
5220	0.029066
5225	0.029079
5230	0.029158
5235	0.029173
5240	0.029151
5245	0.029437
5250	0.029371
5255	0.029467
5260	0.029643
5265	0.029688
5270	0.029770
5275	0.029767
5280	0.029843
5285	0.030044
5290	0.029876
5295	0.029969
5300	0.030066
5305	0.030000
5310	0.030068
5315	0.030109
5320	0.030153
5325	0.030224
5330	0.030268
5335	0.030388
5340	0.030416
5345	0.030797
5350	0.030443
5355	0.030597
5360	0.030634
5365	0.030657
5370	0.030811
5375	0.030784
5380	0.030891
5385	0.030874
5390	0.030968
5395	0.030947
5400	0.031070
5405	0.031195
5410	0.031309
5415	0.031383
5420	0.031330
5425	0.031454
5430	0.031482
5435	0.031574
5440	0.031588
5445	0.031573
5450	0.031633
5455	0.031648
5460	0.031825
5465	0.031827
5470	0.031874
5475	0.031919
5480	0.032093
5485	0.032058
5490	0.032167
5495	0.032133
5500	0.032240
5505	0.032302
5510	0.032331
5515	0.032395
5520	0.032534
5525	0.032535
5530	0.033048
5535	0.032670
5540	0.032674
5545	0.032788
5550	0.032938
5555	0.033315
5560	0.033082
5565	0.033075
5570	0.033129
5575	0.033228
5580	0.033208
5585	0.033426
5590	0.033378
5595	0.033440
5600	0.033547
5605	0.033602
5610	0.033639
5615	0.033654
5620	0.033806
5625	0.033759
5630	0.033813
5635	0.033922
5640	0.034030
5645	0.034079
5650	0.034106
5655	0.034190
5660	0.034215
5665	0.034312
5670	0.034415
5675	0.034426
5680	0.034534
5685	0.034559
5690	0.034631
5695	0.034694
5700	0.034729
5705	0.034832
5710	0.034870
5715	0.034900
5720	0.035243
5725	0.034862
5730	0.035087
5735	0.035076
5740	0.035109
5745	0.035225
5750	0.035170
5755	0.035287
5760	0.035350
5765	0.035421
5770	0.035463
5775	0.035854
5780	0.035663
5785	0.035677
5790	0.035832
5795	0.035776
5800	0.035912
5805	0.036022
5810	0.036072
5815	0.036143
5820	0.036150
5825	0.036080
5830	0.036169
5835	0.036312
5840	0.036424
5845	0.036489
5850	0.036697
5855	0.036649
5860	0.036630
5865	0.036762
5870	0.036778
5875	0.036856
5880	0.036997
5885	0.037025
5890	0.037093
5895	0.037196
5900	0.037150
5905	0.037052
5910	0.037152
5915	0.037255
5920	0.037305
5925	0.037390
5930	0.037636
5935	0.037616
5940	0.037696
5945	0.037767
5950	0.037822
5955	0.037924
5960	0.038032
5965	0.038037
5970	0.038117
5975	0.038189
5980	0.038129
5985	0.038160
5990	0.038164
5995	0.038319
6000	0.038352
6005	0.038297
6010	0.038451
6015	0.038469
6020	0.038623
6025	0.038714
6030	0.038684
6035	0.038717
6040	0.038874
6045	0.038913
6050	0.039001
6055	0.039020
6060	0.039084
6065	0.039023
6070	0.039291
6075	0.039259
6080	0.039437
6085	0.039505
6090	0.039616
6095	0.040479
6100	0.039707
6105	0.039780
6110	0.039865
6115	0.039922
6120	0.039955
6125	0.040027
6130	0.040091
6135	0.040205
6140	0.040297
6145	0.040260
6150	0.040317
6155	0.040393
6160	0.040465
6165	0.040688
6170	0.040671
6175	0.040668
6180	0.040795
6185	0.040826
6190	0.040895
6195	0.040942
6200	0.041315
6205	0.041004
6210	0.041140
6215	0.041254
6220	0.041406
6225	0.041297
6230	0.041389
6235	0.041518
6240	0.041539
6245	0.041556
6250	0.041688
6255	0.041708
6260	0.041879
6265	0.041877
6270	0.041996
6275	0.041998
6280	0.042134
6285	0.042187
6290	0.042219
6295	0.042341
6300	0.042381
6305	0.042396
6310	0.042516
6315	0.042530
6320	0.042610
6325	0.042686
6330	0.042761
6335	0.042829
6340	0.042897
6345	0.042958
6350	0.043085
6355	0.043036
6360	0.043200
6365	0.043347
6370	0.043322
6375	0.043396
6380	0.043571
6385	0.043543
6390	0.043571
6395	0.043643
6400	0.043695
6405	0.043839
6410	0.043893
6415	0.043968
6420	0.043949
6425	0.044043
6430	0.044143
6435	0.044215
6440	0.044266
6445	0.044342
6450	0.044467
6455	0.044761
6460	0.044520
6465	0.044511
6470	0.044524
6475	0.044642
6480	0.044603
6485	0.044741
6490	0.044888
6495	0.045331
6500	0.044956
6505	0.045326
6510	0.045028
6515	0.045245
6520	0.045395
6525	0.045534
6530	0.045485
6535	0.045538
6540	0.045712
6545	0.045779
6550	0.045753
6555	0.045791
6560	0.045925
6565	0.045975
6570	0.046104
6575	0.046200
6580	0.046196
6585	0.046305
6590	0.046267
6595	0.046564
6600	0.046394
6605	0.046473
6610	0.046615
6615	0.047027
6620	0.046766
6625	0.046856
6630	0.046871
6635	0.046948
6640	0.047011
6645	0.047527
6650	0.047059
6655	0.047084
6660	0.047250
6665	0.047224
6670	0.047262
6675	0.047490
6680	0.047484
6685	0.047486
6690	0.047433
6695	0.047653
6700	0.047808
6705	0.047845
6710	0.047848
6715	0.047933
6720	0.048108
6725	0.048127
6730	0.048750
6735	0.048302
6740	0.048409
6745	0.048496
6750	0.048681
6755	0.048627
6760	0.048754
6765	0.048827
6770	0.048966
6775	0.048867
6780	0.049054
6785	0.049119
6790	0.049178
6795	0.049199
6800	0.049363
6805	0.049440
6810	0.049550
6815	0.049540
6820	0.049576
6825	0.049556
6830	0.049744
6835	0.049716
6840	0.049843
6845	0.049904
6850	0.049966
6855	0.050094
6860	0.050215
6865	0.050127
6870	0.050177
6875	0.050355
6880	0.050433
6885	0.050400
6890	0.050622
6895	0.050607
6900	0.050679
6905	0.050724
6910	0.050975
6915	0.051384
6920	0.051070
6925	0.051070
6930	0.051209
6935	0.051242
6940	0.051202
6945	0.051277
6950	0.051305
6955	0.051401
6960	0.051453
6965	0.051620
6970	0.051630
6975	0.052041
6980	0.051963
6985	0.051847
6990	0.051875
6995	0.052076
7000	0.052096
7005	0.052188
7010	0.052307
7015	0.052353
7020	0.052480
7025	0.052508
7030	0.052526
7035	0.052616
7040	0.052661
7045	0.052777
7050	0.052831
7055	0.052942
7060	0.053021
7065	0.052968
7070	0.053274
7075	0.053787
7080	0.053455
7085	0.053474
7090	0.053608
7095	0.053673
7100	0.053656
7105	0.053742
7110	0.053886
7115	0.053937
7120	0.054027
7125	0.054216
7130	0.054208
7135	0.054249
7140	0.054347
7145	0.054442
7150	0.054478
7155	0.054563
7160	0.054653
7165	0.054740
7170	0.054704
7175	0.054850
7180	0.054894
7185	0.055071
7190	0.055057
7195	0.055292
7200	0.055263
7205	0.055342
7210	0.055255
7215	0.055423
7220	0.055536
7225	0.055603
7230	0.055751
7235	0.055738
7240	0.055901
7245	0.055972
7250	0.055973
7255	0.056150
7260	0.056203
7265	0.056247
7270	0.056266
7275	0.056413
7280	0.056531
7285	0.056522
7290	0.056624
7295	0.056585
7300	0.056735
7305	0.056737
7310	0.056759
7315	0.056905
7320	0.056996
7325	0.057030
7330	0.056963
7335	0.057086
7340	0.057241
7345	0.057487
7350	0.057443
7355	0.057636
7360	0.057740
7365	0.057875
7370	0.057949
7375	0.057979
7380	0.058039
7385	0.058044
7390	0.058159
7395	0.058203
7400	0.058446
7405	0.058358
7410	0.058358
7415	0.058525
7420	0.058478
7425	0.058645
7430	0.058876
7435	0.058689
7440	0.058901
7445	0.058837
7450	0.059078
7455	0.059243
7460	0.059277
7465	0.059405
7470	0.059451
7475	0.059348
7480	0.059472
7485	0.059591
7490	0.059523
7495	0.059755
7500	0.059812
7505	0.059824
7510	0.059867
7515	0.059951
7520	0.060283
7525	0.060105
7530	0.060339
7535	0.060271
7540	0.060383
7545	0.060565
7550	0.060797
7555	0.060820
7560	0.060725
7565	0.060844
7570	0.060826
7575	0.060893
7580	0.061123
7585	0.061111
7590	0.061174
7595	0.061420
7600	0.061291
7605	0.061945
7610	0.061454
7615	0.061610
7620	0.061588
7625	0.062227
7630	0.062021
7635	0.062096
7640	0.062134
7645	0.062293
7650	0.062308
7655	0.062378
7660	0.062554
7665	0.062531
7670	0.062638
7675	0.062776
7680	0.063310
7685	0.062929
7690	0.063007
7695	0.063013
7700	0.062984
7705	0.063033
7710	0.063127
7715	0.063263
7720	0.063235
7725	0.064203
7730	0.063481
7735	0.063722
7740	0.063566
7745	0.063687
7750	0.063853
7755	0.063897
7760	0.064012
7765	0.064124
7770	0.064098
7775	0.064371
7780	0.064455
7785	0.064440
7790	0.064436
7795	0.064551
7800	0.064479
7805	0.064695
7810	0.064656
7815	0.064886
7820	0.065175
7825	0.065018
7830	0.065389
7835	0.065183
7840	0.065343
7845	0.065700
7850	0.065433
7855	0.065594
7860	0.065616
7865	0.066188
7870	0.065774
7875	0.065772
7880	0.065983
7885	0.065982
7890	0.066187
7895	0.066229
7900	0.066254
7905	0.066362
7910	0.066633
7915	0.066608
7920	0.066623
7925	0.066827
7930	0.066973
7935	0.067152
7940	0.067161
7945	0.067224
7950	0.067314
7955	0.067395
7960	0.067593
7965	0.067608
7970	0.068065
7975	0.067714
7980	0.067793
7985	0.067812
7990	0.067856
7995	0.067819
8000	0.067929
8005	0.068176
8010	0.068135
8015	0.068161
8020	0.068272
8025	0.068664
8030	0.068803
8035	0.068725
8040	0.068895
8045	0.068965
8050	0.069038
8055	0.069188
8060	0.069168
8065	0.069305
8070	0.069413
8075	0.069414
8080	0.069572
8085	0.069479
8090	0.069579
8095	0.069656
8100	0.069814
8105	0.069938
8110	0.070044
8115	0.070210
8120	0.070335
8125	0.070313
8130	0.070262
8135	0.070468
8140	0.070608
8145	0.070539
8150	0.070707
8155	0.070827
8160	0.071238
8165	0.070970
8170	0.070980
8175	0.070880
8180	0.071123
8185	0.071314
8190	0.071232
8195	0.071390
8200	0.071388
8205	0.071588
8210	0.071840
8215	0.071676
8220	0.071815
8225	0.071913
8230	0.071828
8235	0.071940
8240	0.072009
8245	0.072167
8250	0.072297
8255	0.073011
8260	0.072314
8265	0.072601
8270	0.072562
8275	0.072656
8280	0.072766
8285	0.072872
8290	0.072998
8295	0.072977
8300	0.073080
8305	0.073215
8310	0.073115
8315	0.073471
8320	0.073495
8325	0.073927
8330	0.073676
8335	0.073822
8340	0.073885
8345	0.073969
8350	0.074077
8355	0.074130
8360	0.074164
8365	0.074322
8370	0.074257
8375	0.074497
8380	0.074628
8385	0.074750
8390	0.074752
8395	0.075107
8400	0.074841
8405	0.075110
8410	0.075124
8415	0.075389
8420	0.075218
8425	0.075356
8430	0.075400
8435	0.075723
8440	0.076386
8445	0.076129
8450	0.076178
8455	0.076262
8460	0.076387
8465	0.076317
8470	0.076311
8475	0.076511
8480	0.076552
8485	0.076549
8490	0.076728
8495	0.076983
8500	0.076865
8505	0.076903
8510	0.077816
8515	0.077146
8520	0.077254
8525	0.077200
8530	0.077340
8535	0.077323
8540	0.077414
8545	0.077467
8550	0.077692
8555	0.077778
8560	0.077993
8565	0.078019
8570	0.078133
8575	0.078104
8580	0.078299
8585	0.078354
8590	0.078565
8595	0.078522
8600	0.078563
8605	0.078855
8610	0.078646
8615	0.078657
8620	0.079092
8625	0.079122
8630	0.079374
8635	0.079473
8640	0.080058
8645	0.079489
8650	0.079778
8655	0.079793
8660	0.079834
8665	0.079795
8670	0.079840
8675	0.080253
8680	0.080285
8685	0.080147
8690	0.080420
8695	0.080528
8700	0.080572
8705	0.080448
8710	0.080739
8715	0.080696
8720	0.080761
8725	0.081034
8730	0.082652
8735	0.081223
8740	0.081336
8745	0.081251
8750	0.081543
8755	0.081598
8760	0.081732
8765	0.081844
8770	0.081869
8775	0.081861
8780	0.082062
8785	0.082083
8790	0.082140
8795	0.082264
8800	0.082402
8805	0.082547
8810	0.082677
8815	0.083147
8820	0.082742
8825	0.082924
8830	0.082913
8835	0.083085
8840	0.083450
8845	0.082865
8850	0.083133
8855	0.083234
8860	0.083350
8865	0.083535
8870	0.083532
8875	0.083625
8880	0.083481
8885	0.083719
8890	0.083739
8895	0.083890
8900	0.084038
8905	0.084645
8910	0.084153
8915	0.084596
8920	0.084263
8925	0.084460
8930	0.084530
8935	0.084620
8940	0.084776
8945	0.084965
8950	0.085090
8955	0.084983
8960	0.085520
8965	0.085503
8970	0.085513
8975	0.085543
8980	0.085696
8985	0.085798
8990	0.085750
8995	0.085910
9000	0.085778
9005	0.086211
9010	0.086090
9015	0.086291
9020	0.086403
9025	0.086768
9030	0.086646
9035	0.086765
9040	0.087036
9045	0.087025
9050	0.087052
9055	0.086935
9060	0.087276
9065	0.087623
9070	0.087393
9075	0.087372
9080	0.087520
9085	0.087534
9090	0.087659
9095	0.087832
9100	0.087991
9105	0.087996
9110	0.088050
9115	0.088070
9120	0.088224
9125	0.088244
9130	0.088514
9135	0.088539
9140	0.088501
9145	0.088575
9150	0.088859
9155	0.088928
9160	0.088896
9165	0.089042
9170	0.089582
9175	0.089932
9180	0.089475
9185	0.090200
9190	0.090129
9195	0.089688
9200	0.089879
9205	0.090244
9210	0.090545
9215	0.089967
9220	0.090218
9225	0.090302
9230	0.090884
9235	0.090324
9240	0.090912
9245	0.091071
9250	0.090996
9255	0.091285
9260	0.091267
9265	0.091308
9270	0.091444
9275	0.091571
9280	0.091614
9285	0.091780
9290	0.091737
9295	0.092234
9300	0.092008
9305	0.092039
9310	0.092189
9315	0.092260
9320	0.092348
9325	0.092206
9330	0.092418
9335	0.092722
9340	0.092801
9345	0.093381
9350	0.092975
9355	0.093064
9360	0.093195
9365	0.093388
9370	0.093283
9375	0.093272
9380	0.093360
9385	0.093452
9390	0.093392
9395	0.093670
9400	0.093740
9405	0.093728
9410	0.094472
9415	0.093830
9420	0.094198
9425	0.094486
9430	0.094270
9435	0.094790
9440	0.094745
9445	0.094818
9450	0.094991
9455	0.095202
9460	0.095174
9465	0.095229
9470	0.095231
9475	0.095412
9480	0.095587
9485	0.095635
9490	0.095587
9495	0.096271
9500	0.095646
9505	0.095638
9510	0.096650
9515	0.095761
9520	0.096083
9525	0.096333
9530	0.096273
9535	0.096652
9540	0.096602
9545	0.096888
9550	0.096825
9555	0.096996
9560	0.097279
9565	0.097236
9570	0.097316
9575	0.097452
9580	0.097692
9585	0.097604
9590	0.097809
9595	0.097742
9600	0.098013
9605	0.098089
9610	0.098082
9615	0.098222
9620	0.098347
9625	0.098525
9630	0.098711
9635	0.098394
9640	0.098516
9645	0.098531
9650	0.098680
9655	0.098873
9660	0.099256
9665	0.099244
9670	0.099155
9675	0.099536
9680	0.099683
9685	0.099753
9690	0.099930
9695	0.100031
9700	0.100039
9705	0.099872
9710	0.100179
9715	0.100144
9720	0.100423
9725	0.100368
9730	0.100653
9735	0.100826
9740	0.100854
9745	0.100726
9750	0.100715
9755	0.100948
9760	0.101030
9765	0.101013
9770	0.101250
9775	0.101257
9780	0.101412
9785	0.101497
9790	0.101558
9795	0.101665
9800	0.101873
9805	0.102124
9810	0.102204
9815	0.102536
9820	0.102324
9825	0.102217
9830	0.102375
9835	0.102531
9840	0.102491
9845	0.102733
9850	0.103090
9855	0.103344
9860	0.103296
9865	0.103501
9870	0.104065
9875	0.103278
9880	0.103429
9885	0.103613
9890	0.103742
9895	0.103855
9900	0.104048
9905	0.104145
9910	0.104356
9915	0.104282
9920	0.104528
9925	0.104723
9930	0.104731
9935	0.104935
9940	0.104965
9945	0.105081
9950	0.105237
9955	0.105292
9960	0.105777
9965	0.103315
9970	0.103058
9975	0.102997
9980	0.103347
9985	0.103343
9990	0.103350
9995	0.103455
10000	0.103522
