25	0.000252
30	0.000008
35	0.000008
40	0.000009
45	0.000009
50	0.000011
55	0.000010
60	0.000011
65	0.000011
70	0.000012
75	0.000013
80	0.000013
85	0.000015
90	0.000016
95	0.000015
100	0.000016
105	0.000017
110	0.000018
115	0.000019
120	0.000023
125	0.000026
130	0.000028
135	0.000031
140	0.000034
145	0.000036
150	0.000031
155	0.000029
160	0.000028
165	0.000029
170	0.000036
175	0.000030
180	0.000031
185	0.000030
190	0.000030
195	0.000035
200	0.000033
205	0.000033
210	0.000032
215	0.000033
220	0.000034
225	0.000034
230	0.000035
235	0.000036
240	0.000035
245	0.000036
250	0.000036
255	0.000038
260	0.000040
265	0.000039
270	0.000040
275	0.000040
280	0.000041
285	0.000045
290	0.000059
295	0.000049
300	0.000053
305	0.000048
310	0.000057
315	0.000051
320	0.000058
325	0.000051
330	0.000055
335	0.000053
340	0.000054
345	0.000052
350	0.000058
355	0.000059
360	0.000050
365	0.000049
370	0.000054
375	0.000053
380	0.000055
385	0.000069
390	0.000062
395	0.000056
400	0.000057
405	0.000059
410	0.000058
415	0.000057
420	0.000059
425	0.000059
430	0.000061
435	0.000061
440	0.000058
445	0.000060
450	0.000061
455	0.000062
460	0.000061
465	0.000065
470	0.000098
475	0.000094
480	0.000069
485	0.000071
490	0.000067
495	0.000068
500	0.000071
505	0.000070
510	0.000071
515	0.000071
520	0.000069
525	0.000071
530	0.000070
535	0.000076
540	0.000073
545	0.000082
550	0.000081
555	0.000086
560	0.000082
565	0.000080
570	0.000082
575	0.000082
580	0.000082
585	0.000081
590	0.000081
595	0.000082
600	0.000082
605	0.000085
610	0.000095
615	0.000091
620	0.000097
625	0.000093
630	0.000108
635	0.000099
640	0.000091
645	0.000094
650	0.000095
655	0.000094
660	0.000099
665	0.000099
670	0.000092
675	0.000095
680	0.000097
685	0.000096
690	0.000097
695	0.000096
700	0.000097
705	0.000248
710	0.000096
715	0.000095
720	0.000096
725	0.000101
730	0.000103
735	0.000106
740	0.000104
745	0.000099
750	0.000099
755	0.000100
760	0.000098
765	0.000098
770	0.000101
775	0.000119
780	0.000105
785	0.000125
790	0.000105
795	0.000121
800	0.000106
805	0.000106
810	0.000105
815	0.000105
820	0.000107
825	0.000112
830	0.000132
835	0.000135
840	0.000193
845	0.000199
850	0.000196
855	0.000203
860	0.000199
865	0.000199
870	0.000160
875	0.000120
880	0.000152
885	0.000246
890	0.000255
895	0.000199
900	0.000149
905	0.000141
910	0.000142
915	0.000161
920	0.000134
925	0.000136
930	0.000140
935	0.000140
940	0.000134
945	0.000140
950	0.000147
955	0.000134
960	0.000132
965	0.000128
970	0.000139
975	0.000144
980	0.000156
985	0.000141
990	0.000150
995	0.000147
1000	0.000139
1005	0.000140
1010	0.000412
1015	0.000136
1020	0.000133
1025	0.000136
1030	0.000151
1035	0.000138
1040	0.000149
1045	0.000154
1050	0.000165
1055	0.000139
1060	0.000136
1065	0.000135
1070	0.000136
1075	0.000136
1080	0.000137
1085	0.000143
1090	0.000143
1095	0.000157
1100	0.000141
1105	0.000148
1110	0.000143
1115	0.000143
1120	0.000143
1125	0.000147
1130	0.000166
1135	0.000149
1140	0.000148
1145	0.000148
1150	0.000147
1155	0.000149
1160	0.000149
1165	0.000153
1170	0.000180
1175	0.000157
1180	0.000162
1185	0.000151
1190	0.000151
1195	0.000152
1200	0.000155
1205	0.000156
1210	0.000161
1215	0.000159
1220	0.000155
1225	0.000157
1230	0.000156
1235	0.000156
1240	0.000170
1245	0.000165
1250	0.000164
1255	0.000156
1260	0.000156
1265	0.000157
1270	0.000159
1275	0.000163
1280	0.000169
1285	0.000166
1290	0.000171
1295	0.000166
1300	0.000167
1305	0.000165
1310	0.000175
1315	0.000192
1320	0.000170
1325	0.000173
1330	0.000170
1335	0.000178
1340	0.000180
1345	0.000188
1350	0.000187
1355	0.000183
1360	0.000178
1365	0.000185
1370	0.000178
1375	0.000181
1380	0.000190
1385	0.000184
1390	0.000182
1395	0.000191
1400	0.000183
1405	0.000241
1410	0.000206
1415	0.000180
1420	0.000181
1425	0.000180
1430	0.000181
1435	0.000187
1440	0.000188
1445	0.000186
1450	0.000183
1455	0.000185
1460	0.000183
1465	0.000435
1470	0.000203
1475	0.000187
1480	0.000189
1485	0.000191
1490	0.000194
1495	0.000223
1500	0.000213
1505	0.000210
1510	0.000207
1515	0.000221
1520	0.000237
1525	0.000239
1530	0.000241
1535	0.000233
1540	0.000227
1545	0.000233
1550	0.000238
1555	0.000227
1560	0.000215
1565	0.000207
1570	0.000233
1575	0.000251
1580	0.000230
1585	0.000216
1590	0.000209
1595	0.000212
1600	0.000222
1605	0.000210
1610	0.000210
1615	0.000204
1620	0.000204
1625	0.000213
1630	0.000228
1635	0.000213
1640	0.000216
1645	0.000225
1650	0.000214
1655	0.000557
1660	0.000224
1665	0.000231
1670	0.000212
1675	0.000220
1680	0.000223
1685	0.000217
1690	0.000214
1695	0.000215
1700	0.000222
1705	0.000229
1710	0.000231
1715	0.000227
1720	0.000230
1725	0.000255
1730	0.000252
1735	0.000226
1740	0.000232
1745	0.000225
1750	0.000328
1755	0.000244
1760	0.000224
1765	0.000224
1770	0.000221
1775	0.000248
1780	0.000252
1785	0.000226
1790	0.000233
1795	0.000223
1800	0.000235
1805	0.000258
1810	0.000232
1815	0.000234
1820	0.000227
1825	0.000261
1830	0.000270
1835	0.000238
1840	0.000236
1845	0.000240
1850	0.000242
1855	0.000239
1860	0.000239
1865	0.000235
1870	0.000269
1875	0.000245
1880	0.000243
1885	0.000254
1890	0.000242
1895	0.000302
1900	0.000258
1905	0.000253
1910	0.000243
1915	0.000265
1920	0.000254
1925	0.000244
1930	0.000242
1935	0.000237
1940	0.000259
1945	0.000270
1950	0.000249
1955	0.000246
1960	0.000245
1965	0.000279
1970	0.000251
1975	0.000250
1980	0.000269
1985	0.000256
1990	0.000266
1995	0.000254
2000	0.000253
2005	0.000255
2010	0.000260
2015	0.000257
2020	0.000349
2025	0.000472
2030	0.000471
2035	0.000333
2040	0.000367
2045	0.000380
2050	0.000295
2055	0.000288
2060	0.000324
2065	0.000284
2070	0.000277
2075	0.000254
2080	0.000254
2085	0.000282
2090	0.000278
2095	0.000273
2100	0.000269
2105	0.000345
2110	0.000280
2115	0.000266
2120	0.000259
2125	0.000271
2130	0.000268
2135	0.000262
2140	0.000267
2145	0.000291
2150	0.000270
2155	0.000264
2160	0.000266
2165	0.000266
2170	0.000293
2175	0.000266
2180	0.000294
2185	0.000270
2190	0.000327
2195	0.000285
2200	0.000276
2205	0.000267
2210	0.000309
2215	0.000279
2220	0.000278
2225	0.000271
2230	0.000291
2235	0.000288
2240	0.000286
2245	0.000291
2250	0.000355
2255	0.000289
2260	0.000291
2265	0.000280
2270	0.000303
2275	0.000309
2280	0.000287
2285	0.000288
2290	0.000341
2295	0.000297
2300	0.000296
2305	0.000300
2310	0.000394
2315	0.000283
2320	0.000283
2325	0.000305
2330	0.000292
2335	0.000285
2340	0.000286
2345	0.000293
2350	0.000315
2355	0.000292
2360	0.000296
2365	0.000307
2370	0.000311
2375	0.000313
2380	0.000302
2385	0.000326
2390	0.000305
2395	0.000292
2400	0.000297
2405	0.000346
2410	0.000302
2415	0.000296
2420	0.000296
2425	0.000377
2430	0.000302
2435	0.000336
2440	0.000319
2445	0.000329
2450	0.000303
2455	0.000306
2460	0.000657
2465	0.000316
2470	0.000307
2475	0.000327
2480	0.000356
2485	0.000312
2490	0.000310
2495	0.000359
2500	0.000316
2505	0.000315
2510	0.000322
2515	0.000360
2520	0.000320
2525	0.000310
2530	0.000318
2535	0.000353
2540	0.000313
2545	0.000315
2550	0.000368
2555	0.000328
2560	0.000312
2565	0.000317
2570	0.000361
2575	0.000321
2580	0.000313
2585	0.000324
2590	0.000354
2595	0.000316
2600	0.000316
2605	0.000581
2610	0.000334
2615	0.000320
2620	0.000347
2625	0.000333
2630	0.000323
2635	0.000326
2640	0.000358
2645	0.000322
2650	0.000322
2655	0.000330
2660	0.000331
2665	0.000333
2670	0.000360
2675	0.000376
2680	0.000336
2685	0.000329
2690	0.000343
2695	0.000362
2700	0.000327
2705	0.000342
2710	0.000379
2715	0.000348
2720	0.000338
2725	0.000407
2730	0.000349
2735	0.000331
2740	0.000355
2745	0.000559
2750	0.000339
2755	0.000340
2760	0.000366
2765	0.000340
2770	0.000343
2775	0.000397
2780	0.000373
2785	0.000338
2790	0.000348
2795	0.000348
2800	0.000340
2805	0.000351
2810	0.000402
2815	0.000345
2820	0.000344
2825	0.000384
2830	0.000349
2835	0.000432
2840	0.000438
2845	0.000363
2850	0.000355
2855	0.000390
2860	0.000414
2865	0.000420
2870	0.000439
2875	0.000435
2880	0.000409
2885	0.000444
2890	0.000417
2895	0.000404
2900	0.000403
2905	0.000366
2910	0.000382
2915	0.000379
2920	0.000371
2925	0.000414
2930	0.000483
2935	0.000371
2940	0.000424
2945	0.000363
2950	0.000357
2955	0.000367
2960	0.000385
2965	0.000358
2970	0.000360
2975	0.000382
2980	0.000365
2985	0.000362
2990	0.000413
2995	0.000376
3000	0.000365
3005	0.000388
3010	0.000369
3015	0.000365
3020	0.000430
3025	0.000369
3030	0.000370
3035	0.000420
3040	0.000377
3045	0.000370
3050	0.000406
3055	0.000382
3060	0.000370
3065	0.000399
3070	0.000437
3075	0.000392
3080	0.000422
3085	0.000387
3090	0.000378
3095	0.000453
3100	0.000379
3105	0.000380
3110	0.000418
3115	0.000390
3120	0.000398
3125	0.000383
3130	0.000403
3135	0.000383
3140	0.000476
3145	0.000395
3150	0.000558
3155	0.000403
3160	0.000387
3165	0.000401
3170	0.000427
3175	0.000401
3180	0.000412
3185	0.000423
3190	0.000394
3195	0.000405
3200	0.000408
3205	0.000394
3210	0.000422
3215	0.000501
3220	0.000396
3225	0.000600
3230	0.000694
3235	0.000658
3240	0.000458
3245	0.000422
3250	0.000430
3255	0.000425
3260	0.000480
3265	0.000413
3270	0.000403
3275	0.000481
3280	0.000546
3285	0.000412
3290	0.000408
3295	0.000401
3300	0.000438
3305	0.000413
3310	0.000409
3315	0.000447
3320	0.000424
3325	0.000407
3330	0.000418
3335	0.000412
3340	0.000407
3345	0.000478
3350	0.000416
3355	0.000421
3360	0.000453
3365	0.000415
3370	0.000443
3375	0.000468
3380	0.000412
3385	0.000468
3390	0.000466
3395	0.000414
3400	0.000444
3405	0.000427
3410	0.000600
3415	0.000427
3420	0.000417
3425	0.000474
3430	0.000417
3435	0.000425
3440	0.000475
3445	0.000418
3450	0.000424
3455	0.000468
3460	0.000417
3465	0.000436
3470	0.000458
3475	0.000421
3480	0.000528
3485	0.000430
3490	0.000429
3495	0.000492
3500	0.000436
3505	0.000490
3510	0.000446
3515	0.000443
3520	0.000599
3525	0.000545
3530	0.000573
3535	0.000605
3540	0.000486
3545	0.000446
3550	0.000447
3555	0.000446
3560	0.000467
3565	0.000447
3570	0.000462
3575	0.000502
3580	0.000532
3585	0.000445
3590	0.000456
3595	0.000480
3600	0.000456
3605	0.000522
3610	0.000445
3615	0.000435
3620	0.000482
3625	0.000442
3630	0.000463
3635	0.000461
3640	0.000448
3645	0.000489
3650	0.000458
3655	0.000611
3660	0.000459
3665	0.000478
3670	0.000468
3675	0.000452
3680	0.000475
3685	0.000478
3690	0.000493
3695	0.000470
3700	0.000447
3705	0.000490
3710	0.000474
3715	0.000479
3720	0.000492
3725	0.000465
3730	0.000534
3735	0.000461
3740	0.000513
3745	0.000491
3750	0.000454
3755	0.000519
3760	0.000455
3765	0.000473
3770	0.000497
3775	0.000460
3780	0.000509
3785	0.000614
3790	0.000477
3795	0.000479
3800	0.000534
3805	0.000565
3810	0.000498
3815	0.000515
3820	0.000477
3825	0.000495
3830	0.000549
3835	0.000477
3840	0.000540
3845	0.000494
3850	0.000501
3855	0.000473
3860	0.000480
3865	0.000567
3870	0.000607
3875	0.000579
3880	0.000607
3885	0.000557
3890	0.000477
3895	0.000510
3900	0.000500
3905	0.000486
3910	0.000896
3915	0.000527
3920	0.000537
3925	0.000496
3930	0.000540
3935	0.000476
3940	0.000573
3945	0.000502
3950	0.000483
3955	0.000604
3960	0.000512
3965	0.000533
3970	0.000490
3975	0.000529
3980	0.000485
3985	0.000490
3990	0.000542
3995	0.000488
4000	0.000538
4005	0.000485
4010	0.000532
4015	0.000497
4020	0.000503
4025	0.000510
4030	0.000671
4035	0.000528
4040	0.000499
4045	0.000524
4050	0.000499
4055	0.000543
4060	0.000558
4065	0.000560
4070	0.000585
4075	0.000606
4080	0.000631
4085	0.000554
4090	0.000569
4095	0.000504
4100	0.000562
4105	0.000514
4110	0.000557
4115	0.000502
4120	0.000525
4125	0.000538
4130	0.000513
4135	0.000529
4140	0.000540
4145	0.000550
4150	0.000503
4155	0.000557
4160	0.000593
4165	0.000585
4170	0.000512
4175	0.000573
4180	0.000532
4185	0.000519
4190	0.000587
4195	0.000519
4200	0.000602
4205	0.000518
4210	0.000634
4215	0.000510
4220	0.000560
4225	0.000516
4230	0.000530
4235	0.000546
4240	0.000515
4245	0.000533
4250	0.000537
4255	0.000547
4260	0.000523
4265	0.000568
4270	0.000543
4275	0.000722
4280	0.000533
4285	0.000558
4290	0.000566
4295	0.000541
4300	0.000576
4305	0.000524
4310	0.000570
4315	0.000524
4320	0.000573
4325	0.000541
4330	0.000626
4335	0.000525
4340	0.000552
4345	0.000534
4350	0.000594
4355	0.000984
4360	0.000705
4365	0.001018
4370	0.000591
4375	0.000561
4380	0.000561
4385	0.000551
4390	0.000546
4395	0.000703
4400	0.000557
4405	0.000541
4410	0.000570
4415	0.000557
4420	0.000558
4425	0.000540
4430	0.000580
4435	0.000537
4440	0.000552
4445	0.000551
4450	0.000553
4455	0.000546
4460	0.000556
4465	0.000557
4470	0.000545
4475	0.000564
4480	0.000549
4485	0.000586
4490	0.000567
4495	0.000580
4500	0.000544
4505	0.000579
4510	0.000691
4515	0.000605
4520	0.000543
4525	0.000583
4530	0.000555
4535	0.000560
4540	0.000600
4545	0.000563
4550	0.000559
4555	0.000563
4560	0.000619
4565	0.000573
4570	0.000597
4575	0.000607
4580	0.000567
4585	0.000563
4590	0.000628
4595	0.000558
4600	0.000729
4605	0.000568
4610	0.000589
4615	0.000573
4620	0.000679
4625	0.000824
4630	0.000710
4635	0.000596
4640	0.000559
4645	0.000598
4650	0.000601
4655	0.000665
4660	0.000594
4665	0.000637
4670	0.000576
4675	0.000646
4680	0.000582
4685	0.000607
4690	0.000571
4695	0.000604
4700	0.000569
4705	0.000580
4710	0.000611
4715	0.000627
4720	0.000620
4725	0.000589
4730	0.000588
4735	0.000586
4740	0.000580
4745	0.000582
4750	0.000575
4755	0.000616
4760	0.000576
4765	0.000626
4770	0.000577
4775	0.000596
4780	0.000576
4785	0.000624
4790	0.000589
4795	0.000592
4800	0.000601
4805	0.000653
4810	0.000596
4815	0.000618
4820	0.000612
4825	0.000621
4830	0.000605
4835	0.000610
4840	0.000604
4845	0.000614
4850	0.000603
4855	0.000631
4860	0.000588
4865	0.000617
4870	0.000588
4875	0.000635
4880	0.000631
4885	0.000605
4890	0.000594
4895	0.000596
4900	0.000602
4905	0.000602
4910	0.000591
4915	0.000652
4920	0.000588
4925	0.000653
4930	0.000596
4935	0.000641
4940	0.000606
4945	0.000645
4950	0.000608
4955	0.000624
4960	0.000603
4965	0.000630
4970	0.000605
4975	0.000626
4980	0.000627
4985	0.000614
4990	0.000608
4995	0.000618
5000	0.000615
5005	0.000626
5010	0.000694
5015	0.000619
5020	0.000662
5025	0.000615
5030	0.000659
5035	0.000611
5040	0.000708
5045	0.000613
5050	0.000649
5055	0.000615
5060	0.000636
5065	0.000625
5070	0.000678
5075	0.000639
5080	0.000616
5085	0.000634
5090	0.000627
5095	0.000952
5100	0.000625
5105	0.000671
5110	0.000618
5115	0.000704
5120	0.000630
5125	0.000644
5130	0.000718
5135	0.000624
5140	0.000658
5145	0.000621
5150	0.000668
5155	0.000626
5160	0.000692
5165	0.000622
5170	0.000659
5175	0.000628
5180	0.000647
5185	0.000623
5190	0.000685
5195	0.000629
5200	0.000654
5205	0.000634
5210	0.000808
5215	0.000686
5220	0.000646
5225	0.000639
5230	0.000632
5235	0.000671
5240	0.000645
5245	0.000712
5250	0.000691
5255	0.000668
5260	0.000653
5265	0.000669
5270	0.000721
5275	0.000639
5280	0.000704
5285	0.000653
5290	0.000668
5295	0.000673
5300	0.000712
5305	0.000672
5310	0.000658
5315	0.000664
5320	0.000645
5325	0.000902
5330	0.000648
5335	0.000669
5340	0.000687
5345	0.000656
5350	0.000685
5355	0.000649
5360	0.000696
5365	0.000670
5370	0.000710
5375	0.000663
5380	0.000671
5385	0.000678
5390	0.000657
5395	0.000754
5400	0.000654
5405	0.000689
5410	0.000660
5415	0.000694
5420	0.000666
5425	0.000735
5430	0.000688
5435	0.000669
5440	0.000913
5445	0.000675
5450	0.000673
5455	0.000768
5460	0.000685
5465	0.000705
5470	0.000667
5475	0.000691
5480	0.000682
5485	0.000694
5490	0.000682
5495	0.000665
5500	0.000690
5505	0.000669
5510	0.000746
5515	0.000691
5520	0.000685
5525	0.000684
5530	0.000683
5535	0.000696
5540	0.000676
5545	0.001184
5550	0.001081
5555	0.000944
5560	0.000706
5565	0.000705
5570	0.000714
5575	0.000691
5580	0.000717
5585	0.000673
5590	0.000732
5595	0.000713
5600	0.000703
5605	0.000719
5610	0.000685
5615	0.000710
5620	0.000716
5625	0.000701
5630	0.000710
5635	0.000699
5640	0.000750
5645	0.000721
5650	0.000711
5655	0.000690
5660	0.000709
5665	0.000697
5670	0.000685
5675	0.000718
5680	0.000690
5685	0.000697
5690	0.000719
5695	0.000689
5700	0.000775
5705	0.000691
5710	0.000759
5715	0.000753
5720	0.000713
5725	0.000790
5730	0.000740
5735	0.000725
5740	0.000762
5745	0.000707
5750	0.000727
5755	0.000713
5760	0.000722
5765	0.000737
5770	0.000700
5775	0.000734
5780	0.000951
5785	0.000737
5790	0.000723
5795	0.000714
5800	0.000744
5805	0.000721
5810	0.000755
5815	0.000761
5820	0.000701
5825	0.000726
5830	0.000715
5835	0.000711
5840	0.000765
5845	0.000711
5850	0.000733
5855	0.000752
5860	0.000744
5865	0.000806
5870	0.000711
5875	0.000736
5880	0.000744
5885	0.000712
5890	0.000789
5895	0.000885
5900	0.000716
5905	0.000748
5910	0.000717
5915	0.000719
5920	0.000779
5925	0.000717
5930	0.000775
5935	0.000728
5940	0.000749
5945	0.000811
5950	0.000730
5955	0.000783
5960	0.000751
5965	0.000732
5970	0.000810
5975	0.000726
5980	0.000736
5985	0.000753
5990	0.000726
5995	0.000750
6000	0.000739
6005	0.000885
6010	0.000766
6015	0.000761
6020	0.000894
6025	0.000932
6030	0.000839
6035	0.000806
6040	0.000831
6045	0.000782
6050	0.000733
6055	0.000798
6060	0.000740
6065	0.000743
6070	0.000809
6075	0.000759
6080	0.000786
6085	0.000764
6090	0.000746
6095	0.000765
6100	0.000762
6105	0.000747
6110	0.000787
6115	0.000754
6120	0.000953
6125	0.000855
6130	0.000780
6135	0.000762
6140	0.000764
6145	0.000740
6150	0.000811
6155	0.000803
6160	0.000762
6165	0.000811
6170	0.000843
6175	0.000783
6180	0.000797
6185	0.000761
6190	0.000830
6195	0.000834
6200	0.000850
6205	0.000764
6210	0.000830
6215	0.000772
6220	0.000760
6225	0.000795
6230	0.000981
6235	0.000750
6240	0.000761
6245	0.000760
6250	0.000794
6255	0.000782
6260	0.000756
6265	0.000803
6270	0.000774
6275	0.000782
6280	0.000784
6285	0.000773
6290	0.000782
6295	0.000795
6300	0.000794
6305	0.000770
6310	0.000775
6315	0.000758
6320	0.000808
6325	0.000901
6330	0.000775
6335	0.000789
6340	0.000831
6345	0.000817
6350	0.000818
6355	0.000786
6360	0.000772
6365	0.000789
6370	0.000839
6375	0.000809
6380	0.000790
6385	0.000806
6390	0.000792
6395	0.000788
6400	0.000847
6405	0.000796
6410	0.000796
6415	0.000798
6420	0.000785
6425	0.000839
6430	0.000783
6435	0.000777
6440	0.000796
6445	0.000804
6450	0.000819
6455	0.000981
6460	0.000821
6465	0.000792
6470	0.000792
6475	0.000873
6480	0.000798
6485	0.000807
6490	0.000823
6495	0.000788
6500	0.000822
6505	0.000834
6510	0.000810
6515	0.000798
6520	0.000890
6525	0.000814
6530	0.000789
6535	0.000884
6540	0.000833
6545	0.000797
6550	0.000825
6555	0.000831
6560	0.000791
6565	0.001038
6570	0.000866
6575	0.000799
6580	0.000821
6585	0.000839
6590	0.000828
6595	0.000799
6600	0.000848
6605	0.000814
6610	0.000814
6615	0.000871
6620	0.000875
6625	0.000801
6630	0.000851
6635	0.000919
6640	0.000821
6645	0.000849
6650	0.000872
6655	0.000813
6660	0.000822
6665	0.000855
6670	0.000817
6675	0.000840
6680	0.000862
6685	0.000913
6690	0.000818
6695	0.000828
6700	0.000858
6705	0.000838
6710	0.000885
6715	0.000855
6720	0.000849
6725	0.000814
6730	0.000899
6735	0.000880
6740	0.000833
6745	0.001457
6750	0.001016
6755	0.000988
6760	0.000965
6765	0.000866
6770	0.000986
6775	0.000850
6780	0.000901
6785	0.000876
6790	0.000994
6795	0.000832
6800	0.000863
6805	0.000887
6810	0.000853
6815	0.000902
6820	0.000989
6825	0.000901
6830	0.000829
6835	0.000878
6840	0.000931
6845	0.000839
6850	0.000854
6855	0.000897
6860	0.000891
6865	0.000845
6870	0.000889
6875	0.000941
6880	0.000862
6885	0.000870
6890	0.000895
6895	0.000901
6900	0.000848
6905	0.000875
6910	0.000923
6915	0.000941
6920	0.000843
6925	0.000873
6930	0.000932
6935	0.000905
6940	0.000862
6945	0.000881
6950	0.000960
6955	0.000887
6960	0.000882
6965	0.000991
6970	0.000938
6975	0.000959
6980	0.000845
6985	0.000908
6990	0.000910
6995	0.000937
7000	0.000862
7005	0.000925
7010	0.001362
7015	0.000977
7020	0.000919
7025	0.000879
7030	0.000885
7035	0.000910
7040	0.000952
7045	0.000875
7050	0.000884
7055	0.000931
7060	0.000933
7065	0.000867
7070	0.000904
7075	0.000938
7080	0.000924
7085	0.000870
7090	0.000946
7095	0.000939
7100	0.000889
7105	0.000908
7110	0.000960
7115	0.000945
7120	0.001102
7125	0.000925
7130	0.000885
7135	0.000936
7140	0.000978
7145	0.000959
7150	0.000884
7155	0.000957
7160	0.000953
7165	0.000936
7170	0.000900
7175	0.000956
7180	0.000981
7185	0.000947
7190	0.000930
7195	0.000926
7200	0.000984
7205	0.000963
7210	0.000923
7215	0.000881
7220	0.000977
7225	0.000949
7230	0.000964
7235	0.000892
7240	0.000899
7245	0.000967
7250	0.000953
7255	0.000938
7260	0.000887
7265	0.000987
7270	0.001022
7275	0.000971
7280	0.000878
7285	0.000921
7290	0.000975
7295	0.000969
7300	0.000971
7305	0.000916
7310	0.000943
7315	0.000968
7320	0.000916
7325	0.000886
7330	0.000916
7335	0.000951
7340	0.001102
7345	0.000920
7350	0.000958
7355	0.001042
7360	0.000984
7365	0.000963
7370	0.001003
7375	0.000900
7380	0.001005
7385	0.000941
7390	0.000943
7395	0.000904
7400	0.000983
7405	0.001008
7410	0.000993
7415	0.000993
7420	0.000919
7425	0.000942
7430	0.000966
7435	0.000973
7440	0.000935
7445	0.000959
7450	0.001151
7455	0.001001
7460	0.001017
7465	0.000984
7470	0.000955
7475	0.000947
7480	0.001034
7485	0.001015
7490	0.000995
7495	0.000985
7500	0.000950
7505	0.001084
7510	0.001018
7515	0.001016
7520	0.001028
7525	0.000957
7530	0.000932
7535	0.001010
7540	0.001009
7545	0.001007
7550	0.000952
7555	0.000993
7560	0.001287
7565	0.000953
7570	0.000971
7575	0.001002
7580	0.000977
7585	0.000962
7590	0.001037
7595	0.001009
7600	0.001002
7605	0.000960
7610	0.000947
7615	0.001005
7620	0.001034
7625	0.000996
7630	0.000956
7635	0.000985
7640	0.000974
7645	0.001020
7650	0.001004
7655	0.001040
7660	0.000984
7665	0.000936
7670	0.001236
7675	0.000981
7680	0.001050
7685	0.001025
7690	0.000996
7695	0.000958
7700	0.001005
7705	0.001056
7710	0.000972
7715	0.001049
7720	0.001053
7725	0.000983
7730	0.000953
7735	0.001043
7740	0.001033
7745	0.001031
7750	0.001000
7755	0.001015
7760	0.000992
7765	0.001019
7770	0.000994
7775	0.001014
7780	0.001062
7785	0.001023
7790	0.000949
7795	0.000989
7800	0.000968
7805	0.000978
7810	0.000986
7815	0.001005
7820	0.000977
7825	0.000984
7830	0.001028
7835	0.001032
7840	0.001011
7845	0.000946
7850	0.001020
7855	0.001079
7860	0.001075
7865	0.001084
7870	0.001063
7875	0.000973
7880	0.000970
7885	0.001195
7890	0.001019
7895	0.001062
7900	0.000996
7905	0.000970
7910	0.000980
7915	0.001716
7920	0.001256
7925	0.001124
7930	0.001033
7935	0.001019
7940	0.001042
7945	0.001070
7950	0.001073
7955	0.001036
7960	0.001037
7965	0.000981
7970	0.000982
7975	0.001041
7980	0.001036
7985	0.001062
7990	0.001013
7995	0.001010
8000	0.000983
8005	0.000986
8010	0.001018
8015	0.001074
8020	0.001076
8025	0.001444
8030	0.001405
8035	0.001139
8040	0.001113
8045	0.001042
8050	0.001027
8055	0.001074
8060	0.001043
8065	0.000991
8070	0.001069
8075	0.001054
8080	0.001085
8085	0.001075
8090	0.001022
8095	0.000984
8100	0.000998
8105	0.001373
8110	0.001014
8115	0.001081
8120	0.001042
8125	0.001005
8130	0.001021
8135	0.001019
8140	0.001015
8145	0.001045
8150	0.001060
8155	0.001141
8160	0.001064
8165	0.001070
8170	0.001047
8175	0.001051
8180	0.001010
8185	0.001062
8190	0.001101
8195	0.001069
8200	0.001064
8205	0.001085
8210	0.001081
8215	0.001207
8220	0.000992
8225	0.001062
8230	0.001116
8235	0.001083
8240	0.001084
8245	0.001099
8250	0.001108
8255	0.001075
8260	0.001020
8265	0.001092
8270	0.001054
8275	0.001059
8280	0.001057
8285	0.001136
8290	0.001123
8295	0.001115
8300	0.001079
8305	0.001035
8310	0.001040
8315	0.001093
8320	0.001151
8325	0.001118
8330	0.001107
8335	0.001076
8340	0.001075
8345	0.001062
8350	0.001159
8355	0.001136
8360	0.001056
8365	0.001245
8370	0.001071
8375	0.001118
8380	0.001150
8385	0.001101
8390	0.001232
8395	0.001086
8400	0.001075
8405	0.001132
8410	0.001140
8415	0.001059
8420	0.001023
8425	0.001048
8430	0.001102
8435	0.001054
8440	0.001159
8445	0.001110
8450	0.001084
8455	0.001063
8460	0.001056
8465	0.001054
8470	0.001055
8475	0.001070
8480	0.001079
8485	0.001132
8490	0.001091
8495	0.001085
8500	0.001118
8505	0.001084
8510	0.001039
8515	0.001035
8520	0.001113
8525	0.001129
8530	0.001102
8535	0.001124
8540	0.001560
8545	0.001140
8550	0.001131
8555	0.001129
8560	0.001118
8565	0.001059
8570	0.001066
8575	0.001075
8580	0.001063
8585	0.001092
8590	0.001105
8595	0.001095
8600	0.001105
8605	0.001085
8610	0.001141
8615	0.001187
8620	0.001165
8625	0.001132
8630	0.001097
8635	0.001100
8640	0.001065
8645	0.001156
8650	0.001111
8655	0.001076
8660	0.001148
8665	0.001123
8670	0.001124
8675	0.001130
8680	0.001219
8685	0.001130
8690	0.001234
8695	0.001111
8700	0.001311
8705	0.001744
8710	0.001216
8715	0.001192
8720	0.001076
8725	0.001126
8730	0.001200
8735	0.001149
8740	0.001121
8745	0.001118
8750	0.001217
8755	0.001361
8760	0.001154
8765	0.001125
8770	0.001110
8775	0.001126
8780	0.001097
8785	0.001090
8790	0.001107
8795	0.001117
8800	0.001134
8805	0.001120
8810	0.001137
8815	0.001139
8820	0.001145
8825	0.001148
8830	0.001138
8835	0.001176
8840	0.001157
8845	0.001131
8850	0.001159
8855	0.001123
8860	0.001106
8865	0.001139
8870	0.001132
8875	0.001106
8880	0.001121
8885	0.001117
8890	0.001143
8895	0.001132
8900	0.001160
8905	0.001153
8910	0.001150
8915	0.001143
8920	0.001165
8925	0.001137
8930	0.001153
8935	0.001162
8940	0.001124
8945	0.001133
8950	0.001110
8955	0.001116
8960	0.001134
8965	0.001134
8970	0.001201
8975	0.001117
8980	0.001133
8985	0.001150
8990	0.001191
8995	0.001156
9000	0.001173
9005	0.001148
9010	0.001160
9015	0.001457
9020	0.001611
9025	0.001382
9030	0.001178
9035	0.001117
9040	0.001097
9045	0.001121
9050	0.001199
9055	0.001192
9060	0.001228
9065	0.001167
9070	0.001215
9075	0.001179
9080	0.001361
9085	0.001160
9090	0.001191
9095	0.001219
9100	0.001182
9105	0.001162
9110	0.001193
9115	0.001184
9120	0.001208
9125	0.001186
9130	0.001185
9135	0.001236
9140	0.001286
9145	0.001193
9150	0.001185
9155	0.001164
9160	0.001173
9165	0.001219
9170	0.001301
9175	0.001258
9180	0.001234
9185	0.001216
9190	0.001334
9195	0.001206
9200	0.001271
9205	0.001282
9210	0.001218
9215	0.001176
9220	0.001243
9225	0.001210
9230	0.001170
9235	0.001179
9240	0.001181
9245	0.001194
9250	0.001166
9255	0.001197
9260	0.001207
9265	0.001255
9270	0.001274
9275	0.001188
9280	0.001167
9285	0.001174
9290	0.001171
9295	0.001176
9300	0.001203
9305	0.001183
9310	0.001188
9315	0.001142
9320	0.001258
9325	0.001236
9330	0.001182
9335	0.001222
9340	0.001181
9345	0.001203
9350	0.001215
9355	0.001192
9360	0.001164
9365	0.001200
9370	0.001207
9375	0.001223
9380	0.001209
9385	0.001243
9390	0.001217
9395	0.001226
9400	0.001220
9405	0.001218
9410	0.001210
9415	0.001242
9420	0.001223
9425	0.001231
9430	0.001216
9435	0.001245
9440	0.001209
9445	0.001220
9450	0.001212
9455	0.001224
9460	0.001229
9465	0.001225
9470	0.001203
9475	0.001236
9480	0.001272
9485	0.001214
9490	0.001228
9495	0.001240
9500	0.001248
9505	0.001252
9510	0.001267
9515	0.001270
9520	0.001259
9525	0.001272
9530	0.001234
9535	0.001213
9540	0.001215
9545	0.001270
9550	0.001246
9555	0.001224
9560	0.001260
9565	0.001225
9570	0.001226
9575	0.001235
9580	0.001245
9585	0.001237
9590	0.001225
9595	0.001285
9600	0.001248
9605	0.001250
9610	0.001263
9615	0.001391
9620	0.001874
9625	0.001442
9630	0.001315
9635	0.001327
9640	0.001255
9645	0.001302
9650	0.001268
9655	0.001438
9660	0.001368
9665	0.001243
9670	0.001250
9675	0.001294
9680	0.001233
9685	0.001297
9690	0.001273
9695	0.001206
9700	0.001310
9705	0.001270
9710	0.001232
9715	0.001241
9720	0.001218
9725	0.001382
9730	0.001287
9735	0.001279
9740	0.001252
9745	0.001242
9750	0.001245
9755	0.001234
9760	0.001277
9765	0.001270
9770	0.001303
9775	0.001248
9780	0.001285
9785	0.001282
9790	0.001288
9795	0.001280
9800	0.001234
9805	0.001232
9810	0.001268
9815	0.001285
9820	0.001279
9825	0.001330
9830	0.001323
9835	0.001426
9840	0.001292
9845	0.001260
9850	0.001263
9855	0.001269
9860	0.001310
9865	0.001333
9870	0.001343
9875	0.001295
9880	0.001301
9885	0.001287
9890	0.001289
9895	0.001285
9900	0.001275
9905	0.001378
9910	0.001265
9915	0.001256
9920	0.001245
9925	0.001267
9930	0.001331
9935	0.001359
9940	0.001419
9945	0.001314
9950	0.001365
9955	0.001315
9960	0.001285
9965	0.001268
9970	0.001275
9975	0.001285
9980	0.001369
9985	0.001283
9990	0.001295
9995	0.001334
10000	0.001300
