25	0.000001
30	0.000002
35	0.000002
40	0.000002
45	0.000002
50	0.000003
55	0.000003
60	0.000003
65	0.000004
70	0.000004
75	0.000005
80	0.000004
85	0.000005
90	0.000006
95	0.000006
100	0.000006
105	0.000006
110	0.000007
115	0.000007
120	0.000007
125	0.000007
130	0.000008
135	0.000009
140	0.000009
145	0.000010
150	0.000010
155	0.000010
160	0.000010
165	0.000012
170	0.000011
175	0.000011
180	0.000012
185	0.000012
190	0.000012
195	0.000013
200	0.000013
205	0.000013
210	0.000014
215	0.000014
220	0.000014
225	0.000015
230	0.000015
235	0.000016
240	0.000016
245	0.000016
250	0.000017
255	0.000017
260	0.000017
265	0.000018
270	0.000018
275	0.000019
280	0.000019
285	0.000019
290	0.000020
295	0.000020
300	0.000021
305	0.000021
310	0.000021
315	0.000022
320	0.000023
325	0.000023
330	0.000023
335	0.000023
340	0.000024
345	0.000024
350	0.000024
355	0.000024
360	0.000025
365	0.000026
370	0.000026
375	0.000027
380	0.000027
385	0.000027
390	0.000028
395	0.000028
400	0.000028
405	0.000029
410	0.000029
415	0.000030
420	0.000030
425	0.000030
430	0.000031
435	0.000031
440	0.000031
445	0.000031
450	0.000032
455	0.000032
460	0.000033
465	0.000033
470	0.000034
475	0.000034
480	0.000034
485	0.000035
490	0.000035
495	0.000035
500	0.000036
505	0.000036
510	0.000036
515	0.000037
520	0.000038
525	0.000038
530	0.000038
535	0.000040
540	0.000041
545	0.000040
550	0.000040
555	0.000041
560	0.000041
565	0.000043
570	0.000042
575	0.000042
580	0.000042
585	0.000043
590	0.000044
595	0.000044
600	0.000045
605	0.000045
610	0.000046
615	0.000046
620	0.000046
625	0.000046
630	0.000047
635	0.000048
640	0.000047
645	0.000048
650	0.000049
655	0.000049
660	0.000049
665	0.000050
670	0.000050
675	0.000051
680	0.000051
685	0.000051
690	0.000052
695	0.000052
700	0.000052
705	0.000052
710	0.000053
715	0.000053
720	0.000054
725	0.000054
730	0.000055
735	0.000056
740	0.000056
745	0.000057
750	0.000057
755	0.000058
760	0.000058
765	0.000058
770	0.000059
775	0.000059
780	0.000060
785	0.000059
790	0.000061
795	0.000060
800	0.000061
805	0.000061
810	0.000062
815	0.000063
820	0.000063
825	0.000064
830	0.000065
835	0.000064
840	0.000064
845	0.000064
850	0.000065
855	0.000067
860	0.000065
865	0.000066
870	0.000066
875	0.000067
880	0.000068
885	0.000067
890	0.000068
895	0.000069
900	0.000068
905	0.000069
910	0.000069
915	0.000073
920	0.000070
925	0.000072
930	0.000070
935	0.000075
940	0.000072
945	0.000068
950	0.000071
955	0.000073
960	0.000087
965	0.000085
970	0.000084
975	0.000076
980	0.000071
985	0.000073
990	0.000074
995	0.000075
1000	0.000075
1005	0.000076
1010	0.000076
1015	0.000072
1020	0.000074
1025	0.000091
1030	0.000130
1035	0.000114
1040	0.000081
1045	0.000082
1050	0.000080
1055	0.000080
1060	0.000084
1065	0.000080
1070	0.000081
1075	0.000082
1080	0.000084
1085	0.000083
1090	0.000083
1095	0.000085
1100	0.000085
1105	0.000084
1110	0.000086
1115	0.000086
1120	0.000086
1125	0.000089
1130	0.000088
1135	0.000087
1140	0.000099
1145	0.000087
1150	0.000088
1155	0.000088
1160	0.000089
1165	0.000092
1170	0.000090
1175	0.000091
1180	0.000094
1185	0.000097
1190	0.000091
1195	0.000093
1200	0.000093
1205	0.000094
1210	0.000096
1215	0.000112
1220	0.000116
1225	0.000113
1230	0.000112
1235	0.000113
1240	0.000113
1245	0.000115
1250	0.000107
1255	0.000101
1260	0.000098
1265	0.000100
1270	0.000107
1275	0.000107
1280	0.000099
1285	0.000106
1290	0.000101
1295	0.000101
1300	0.000103
1305	0.000108
1310	0.000105
1315	0.000103
1320	0.000104
1325	0.000103
1330	0.000105
1335	0.000104
1340	0.000104
1345	0.000105
1350	0.000105
1355	0.000105
1360	0.000107
1365	0.000107
1370	0.000112
1375	0.000106
1380	0.000107
1385	0.000109
1390	0.000124
1395	0.000129
1400	0.000128
1405	0.000128
1410	0.000129
1415	0.000129
1420	0.000129
1425	0.000137
1430	0.000110
1435	0.000112
1440	0.000128
1445	0.000123
1450	0.000117
1455	0.000117
1460	0.000116
1465	0.000116
1470	0.000118
1475	0.000117
1480	0.000118
1485	0.000117
1490	0.000120
1495	0.000120
1500	0.000119
1505	0.000118
1510	0.000119
1515	0.000123
1520	0.000123
1525	0.000119
1530	0.000121
1535	0.000122
1540	0.000128
1545	0.000120
1550	0.000123
1555	0.000120
1560	0.000121
1565	0.000124
1570	0.000123
1575	0.000124
1580	0.000122
1585	0.000123
1590	0.000126
1595	0.000126
1600	0.000126
1605	0.000124
1610	0.000127
1615	0.000127
1620	0.000128
1625	0.000128
1630	0.000126
1635	0.000127
1640	0.000140
1645	0.000153
1650	0.000152
1655	0.000156
1660	0.000128
1665	0.000130
1670	0.000133
1675	0.000130
1680	0.000135
1685	0.000133
1690	0.000131
1695	0.000132
1700	0.000133
1705	0.000134
1710	0.000132
1715	0.000131
1720	0.000134
1725	0.000133
1730	0.000137
1735	0.000135
1740	0.000135
1745	0.000133
1750	0.000156
1755	0.000162
1760	0.000144
1765	0.000135
1770	0.000136
1775	0.000139
1780	0.000135
1785	0.000138
1790	0.000136
1795	0.000138
1800	0.000139
1805	0.000139
1810	0.000139
1815	0.000138
1820	0.000140
1825	0.000140
1830	0.000141
1835	0.000140
1840	0.000145
1845	0.000151
1850	0.000143
1855	0.000151
1860	0.000143
1865	0.000146
1870	0.000148
1875	0.000144
1880	0.000151
1885	0.000143
1890	0.000168
1895	0.000145
1900	0.000148
1905	0.000145
1910	0.000148
1915	0.000159
1920	0.000178
1925	0.000179
1930	0.000158
1935	0.000154
1940	0.000150
1945	0.000150
1950	0.000151
1955	0.000151
1960	0.000183
1965	0.000165
1970	0.000151
1975	0.000156
1980	0.000153
1985	0.000151
1990	0.000155
1995	0.000156
2000	0.000153
2005	0.000156
2010	0.000161
2015	0.000157
2020	0.000169
2025	0.000158
2030	0.000187
2035	0.000177
2040	0.000190
2045	0.000181
2050	0.000158
2055	0.000159
2060	0.000157
2065	0.000161
2070	0.000164
2075	0.000166
2080	0.000163
2085	0.000162
2090	0.000163
2095	0.000163
2100	0.000165
2105	0.000167
2110	0.000180
2115	0.000190
2120	0.000188
2125	0.000184
2130	0.000191
2135	0.000181
2140	0.000164
2145	0.000170
2150	0.000170
2155	0.000171
2160	0.000193
2165	0.000195
2170	0.000194
2175	0.000196
2180	0.000195
2185	0.000176
2190	0.000171
2195	0.000170
2200	0.000172
2205	0.000169
2210	0.000172
2215	0.000172
2220	0.000179
2225	0.000197
2230	0.000177
2235	0.000179
2240	0.000178
2245	0.000180
2250	0.000178
2255	0.000179
2260	0.000179
2265	0.000181
2270	0.000180
2275	0.000203
2280	0.000204
2285	0.000198
2290	0.000176
2295	0.000175
2300	0.000177
2305	0.000192
2310	0.000201
2315	0.000208
2320	0.000198
2325	0.000180
2330	0.000203
2335	0.000208
2340	0.000208
2345	0.000208
2350	0.000207
2355	0.000208
2360	0.000212
2365	0.000213
2370	0.000214
2375	0.000212
2380	0.000214
2385	0.000213
2390	0.000191
2395	0.000191
2400	0.000216
2405	0.000202
2410	0.000188
2415	0.000193
2420	0.000191
2425	0.000191
2430	0.000210
2435	0.000221
2440	0.000220
2445	0.000219
2450	0.000218
2455	0.000215
2460	0.000198
2465	0.000190
2470	0.000192
2475	0.000198
2480	0.000213
2485	0.000222
2490	0.000225
2495	0.000206
2500	0.000198
2505	0.000200
2510	0.000201
2515	0.000201
2520	0.000200
2525	0.000203
2530	0.000206
2535	0.000202
2540	0.000207
2545	0.000215
2550	0.000203
2555	0.000217
2560	0.000209
2565	0.000208
2570	0.000226
2575	0.000234
2580	0.000236
2585	0.000200
2590	0.000208
2595	0.000211
2600	0.000211
2605	0.000209
2610	0.000208
2615	0.000236
2620	0.000231
2625	0.000215
2630	0.000208
2635	0.000211
2640	0.000227
2645	0.000209
2650	0.000226
2655	0.000213
2660	0.000232
2665	0.000233
2670	0.000244
2675	0.000260
2680	0.000234
2685	0.000236
2690	0.000239
2695	0.000242
2700	0.000245
2705	0.000237
2710	0.000239
2715	0.000241
2720	0.000239
2725	0.000243
2730	0.000231
2735	0.000249
2740	0.000244
2745	0.000246
2750	0.000243
2755	0.000243
2760	0.000245
2765	0.000243
2770	0.000247
2775	0.000238
2780	0.000235
2785	0.000244
2790	0.000244
2795	0.000246
2800	0.000245
2805	0.000242
2810	0.000250
2815	0.000245
2820	0.000236
2825	0.000249
2830	0.000246
2835	0.000242
2840	0.000251
2845	0.000253
2850	0.000253
2855	0.000252
2860	0.000253
2865	0.000253
2870	0.000253
2875	0.000262
2880	0.000256
2885	0.000254
2890	0.000259
2895	0.000263
2900	0.000259
2905	0.000255
2910	0.000261
2915	0.000254
2920	0.000256
2925	0.000263
2930	0.000265
2935	0.000274
2940	0.000266
2945	0.000265
2950	0.000266
2955	0.000268
2960	0.000262
2965	0.000265
2970	0.000260
2975	0.000263
2980	0.000271
2985	0.000265
2990	0.000267
2995	0.000274
3000	0.000248
3005	0.000286
3010	0.000245
3015	0.000246
3020	0.000242
30
7420	0.000718
7425	0.000709
7430	0.000729
7435	0.000720
7440	0.000700
7445	0.000663
7450	0.000651
7455	0.000644
7460	0.000644
7465	0.000644
7470	0.000664
7475	0.000650
7480	0.000667
7485	0.000661
7490	0.000670
7495	0.000664
7500	0.000668
7505	0.000726
7510	0.000744
7515	0.000729
7520	0.000679
7525	0.000700
7530	0.000666
7535	0.000678
7540	0.000681
7545	0.000668
7550	0.000693
7555	0.000738
7560	0.000704
7565	0.000669
7570	0.000691
7575	0.000672
7580	0.000675
7585	0.000677
7590	0.000681
7595	0.000698
7600	0.000679
7605	0.000693
7610	0.000692
7615	0.000684
7620	0.000727
7625	0.000726
7630	0.000764
7635	0.000760
7640	0.000757
7645	0.000766
7650	0.000756
7655	0.000754
7660	0.000755
7665	0.000744
7670	0.000752
7675	0.000747
7680	0.000745
7685	0.000750
7690	0.000752
7695	0.000756
7700	0.000762
7705	0.000750
7710	0.000786
7715	0.000736
7720	0.000738
7725	0.000730
7730	0.000729
7735	0.000672
7740	0.000683
7745	0.000716
7750	0.000695
7755	0.000693
7760	0.000687
7765	0.000698
7770	0.000709
7775	0.000697
7780	0.000690
7785	0.000703
7790	0.000707
7795	0.000715
7800	0.000739
7805	0.000726
7810	0.000725
7815	0.000796
7820	0.000785
7825	0.000775
7830	0.000780
7835	0.000759
7840	0.000774
7845	0.000778
7850	0.000775
7855	0.000762
7860	0.000772
7865	0.000778
7870	0.000764
7875	0.000763
7880	0.000713
7885	0.000761
7890	0.000767
7895	0.000768
7900	0.000758
7905	0.000771
7910	0.000775
7915	0.000749
7920	0.000766
7925	0.000760
7930	0.000763
7935	0.000767
7940	0.000755
7945	0.000773
7950	0.000765
7955	0.000756
7960	0.000768
7965	0.000768
7970	0.000761
7975	0.000689
7980	0.000693
7985	0.000707
7990	0.000720
7995	0.000708
8000	0.000758
8005	0.000746
8010	0.000726
8015	0.000750
8020	0.000723
8025	0.000724
8030	0.000805
8035	0.000881
8040	0.000914
8045	0.000853
8050	0.000920
8055	0.000867
8060	0.001170
8065	0.001213
8070	0.001119
8075	0.001020
8080	0.000844
8085	0.000761
8090	0.000835
8095	0.000789
8100	0.000778
8105	0.000812
8110	0.000768
8115	0.000821
8120	0.000774
8125	0.000771
8130	0.000764
8135	0.000751
8140	0.000771
8145	0.000755
8150	0.000846
8155	0.000746
8160	0.000846
8165	0.000779
8170	0.000861
8175	0.000821
8180	0.000903
8185	0.000798
8190	0.000801
8195	0.000791
8200	0.000793
8205	0.000757
8210	0.000804
8215	0.000787
8220	0.000783
8225	0.000754
8230	0.000774
8235	0.000765
8240	0.000777
8245	0.000759
8250	0.000771
8255	0.000790
8260	0.000770
8265	0.000784
8270	0.000788
8275	0.000855
8280	0.000809
8285	0.000795
8290	0.000855
8295	0.000808
8300	0.000803
8305	0.000823
8310	0.000783
8315	0.000864
8320	0.000817
8325	0.000852
8330	0.000852
8335	0.000813
8340	0.000775
8345	0.000820
8350	0.000858
8355	0.000885
8360	0.000778
8365	0.000814
8370	0.000805
8375	0.000887
8380	0.000865
8385	0.000898
8390	0.000775
8395	0.000896
8400	0.000842
8405	0.000862
8410	0.000978
8415	0.000886
8420	0.000869
8425	0.000868
8430	0.000855
8435	0.000869
8440	0.000862
8445	0.000863
8450	0.000854
8455	0.000868
8460	0.000901
8465	0.000962
8470	0.000891
8475	0.000843
8480	0.000857
8485	0.000834
8490	0.000868
8495	0.000873
8500	0.000853
8505	0.000860
8510	0.000872
8515	0.000886
8520	0.000866
8525	0.000901
8530	0.000898
8535	0.000928
8540	0.000926
8545	0.000906
8550	0.000903
8555	0.000955
8560	0.000900
8565	0.000986
8570	0.000882
8575	0.000832
8580	0.000850
8585	0.000833
8590	0.000788
8595	0.000811
8600	0.000835
8605	0.000822
8610	0.000799
8615	0.000802
8620	0.000849
8625	0.000909
8630	0.000893
8635	0.000884
8640	0.000887
8645	0.000885
8650	0.000906
8655	0.000908
8660	0.000887
8665	0.000884
8670	0.000877
8675	0.000875
8680	0.000873
8685	0.000886
8690	0.000892
8695	0.000887
8700	0.000887
8705	0.000897
8710	0.000881
8715	0.000868
8720	0.000884
8725	0.000884
8730	0.000887
8735	0.000882
8740	0.000872
8745	0.000874
8750	0.000897
8755	0.000804
8760	0.000820
8765	0.000816
8770	0.000813
8775	0.000868
8780	0.000811
8785	0.000836
8790	0.000820
8795	0.000847
8800	0.000834
8805	0.000937
8810	0.000904
8815	0.000894
8820	0.000876
8825	0.000831
8830	0.000826
8835	0.000840
8840	0.000840
8845	0.000887
8850	0.000828
8855	0.000832
8860	0.000914
8865	0.000858
8870	0.000885
8875	0.000893
8880	0.000859
8885	0.000903
8890	0.000835
8895	0.000880
8900	0.000869
8905	0.000843
8910	0.000900
8915	0.000902
8920	0.000911
8925	0.000846
8930	0.000876
8935	0.000886
8940	0.000880
8945	0.000843
8950	0.000845
8955	0.000849
8960	0.000875
8965	0.000839
8970	0.000832
8975	0.000906
8980	0.000825
8985	0.000878
8990	0.000857
8995	0.000855
9000	0.000821
9005	0.000829
9010	0.000870
9015	0.000879
9020	0.000893
9025	0.000871
9030	0.000893
9035	0.000858
9040	0.000834
9045	0.000833
9050	0.000879
9055	0.000825
9060	0.000845
9065	0.000830
9070	0.000821
9075	0.000829
9080	0.000853
9085	0.000834
9090	0.000842
9095	0.000855
9100	0.000867
9105	0.000838
9110	0.000840
9115	0.000825
9120	0.000842
9125	0.000828
9130	0.000828
9135	0.000846
9140	0.000853
9145	0.000860
9150	0.000852
9155	0.000847
9160	0.000881
9165	0.000878
9170	0.000869
9175	0.000859
9180	0.000843
9185	0.000845
9190	0.000863
9195	0.000874
9200	0.000859
9205	0.000842
9210	0.000913
9215	0.000881
9220	0.000897
9225	0.000937
9230	0.000915
9235	0.000925
9240	0.000910
9245	0.000923
9250	0.000903
9255	0.000909
9260	0.000919
9265	0.000914
9270	0.000912
9275	0.000933
9280	0.000964
9285	0.000909
9290	0.000918
9295	0.000910
9300	0.000915
9305	0.000919
9310	0.000937
9315	0.000905
9320	0.000912
9325	0.000919
9330	0.000917
9335	0.000916
9340	0.000921
9345	0.000909
9350	0.000918
9355	0.000908
9360	0.000901
9365	0.000915
9370	0.000919
9375	0.000925
9380	0.000928
9385	0.000928
9390	0.000929
9395	0.000859
9400	0.000918
9405	0.000919
9410	0.000922
9415	0.000918
9420	0.000920
9425	0.000931
9430	0.000919
9435	0.000917
9440	0.000925
9445	0.000932
9450	0.000925
9455	0.000916
9460	0.000907
9465	0.000917
9470	0.000930
9475	0.000921
9480	0.000923
9485	0.000930
9490	0.000917
9495	0.000924
9500	0.000918
9505	0.000929
9510	0.000924
9515	0.000923
9520	0.000934
9525	0.000929
9530	0.000944
9535	0.000928
9540	0.000919
9545	0.000920
9550	0.000918
9555	0.000932
9560	0.000897
9565	0.000834
9570	0.000853
9575	0.000858
9580	0.000877
9585	0.000904
9590	0.000922
9595	0.000932
9600	0.000901
9605	0.000901
9610	0.000909
9615	0.000896
9620	0.000882
9625	0.000904
9630	0.000919
9635	0.000912
9640	0.000895
9645	0.000971
9650	0.000930
9655	0.000953
9660	0.000944
9665	0.000896
9670	0.000932
9675	0.000954
9680	0.000940
9685	0.000996
9690	0.000946
9695	0.000873
9700	0.000974
9705	0.000974
9710	0.001019
9715	0.000965
9720	0.000958
9725	0.000965
9730	0.000962
9735	0.000961
9740	0.000970
9745	0.000954
9750	0.000961
9755	0.000968
9760	0.000960
9765	0.000980
9770	0.000958
9775	0.000937
9780	0.000967
9785	0.000880
9790	0.000880
9795	0.000887
9800	0.000966
9805	0.000927
9810	0.000913
9815	0.000905
9820	0.000919
9825	0.000883
9830	0.000999
9835	0.001000
9840	0.000991
9845	0.000994
9850	0.000954
9855	0.000904
9860	0.000985
9865	0.000986
9870	0.001027
9875	0.000996
9880	0.000997
9885	0.000992
9890	0.000995
9895	0.000986
9900	0.000977
9905	0.000980
9910	0.001036
9915	0.000979
9920	0.000934
9925	0.000930
9930	0.000954
9935	0.000914
9940	0.000928
9945	0.000946
9950	0.000940
9955	0.000976
9960	0.001004
9965	0.000979
9970	0.000999
9975	0.000994
9980	0.000972
9985	0.000982
9990	0.000992
9995	0.001012
10000	0.000877
