25	0.000005
30	0.000006
35	0.000006
40	0.000007
45	0.000009
50	0.000005
55	0.000004
60	0.000004
65	0.000005
70	0.000005
75	0.000006
80	0.000007
85	0.000007
90	0.000007
95	0.000008
100	0.000008
105	0.000008
110	0.000009
115	0.000009
120	0.000010
125	0.000010
130	0.000012
135	0.000012
140	0.000012
145	0.000012
150	0.000013
155	0.000014
160	0.000015
165	0.000015
170	0.000015
175	0.000016
180	0.000017
185	0.000018
190	0.000017
195	0.000018
200	0.000018
205	0.000018
210	0.000020
215	0.000019
220	0.000019
225	0.000020
230	0.000020
235	0.000021
240	0.000023
245	0.000021
250	0.000022
255	0.000022
260	0.000025
265	0.000024
270	0.000029
275	0.000025
280	0.000025
285	0.000025
290	0.000025
295	0.000026
300	0.000026
305	0.000026
310	0.000027
315	0.000028
320	0.000027
325	0.000026
330	0.000028
335	0.000029
340	0.000029
345	0.000030
350	0.000031
355	0.000031
360	0.000032
365	0.000032
370	0.000033
375	0.000033
380	0.000034
385	0.000034
390	0.000036
395	0.000036
400	0.000037
405	0.000038
410	0.000038
415	0.000039
420	0.000039
425	0.000040
430	0.000040
435	0.000041
440	0.000042
445	0.000042
450	0.000043
455	0.000044
460	0.000045
465	0.000045
470	0.000046
475	0.000046
480	0.000047
485	0.000048
490	0.000049
495	0.000049
500	0.000050
505	0.000051
510	0.000051
515	0.000052
520	0.000053
525	0.000053
530	0.000054
535	0.000054
540	0.000055
545	0.000056
550	0.000055
555	0.000057
560	0.000058
565	0.000058
570	0.000058
575	0.000059
580	0.000060
585	0.000061
590	0.000061
595	0.000062
600	0.000063
605	0.000063
610	0.000064
615	0.000065
620	0.000065
625	0.000066
630	0.000066
635	0.000067
640	0.000068
645	0.000068
650	0.000069
655	0.000070
660	0.000070
665	0.000071
670	0.000072
675	0.000072
680	0.000073
685	0.000074
690	0.000075
695	0.000075
700	0.000075
705	0.000076
710	0.000077
715	0.000078
720	0.000078
725	0.000079
730	0.000079
735	0.000081
740	0.000080
745	0.000081
750	0.000082
755	0.000083
760	0.000083
765	0.000083
770	0.000085
775	0.000086
780	0.000086
785	0.000086
790	0.000087
795	0.000088
800	0.000088
805	0.000089
810	0.000090
815	0.000091
820	0.000091
825	0.000092
830	0.000092
835	0.000093
840	0.000094
845	0.000095
850	0.000096
855	0.000096
860	0.000096
865	0.000097
870	0.000098
875	0.000098
880	0.000100
885	0.000100
890	0.000100
895	0.000101
900	0.000102
905	0.000103
910	0.000103
915	0.000104
920	0.000105
925	0.000107
930	0.000106
935	0.000106
940	0.000107
945	0.000108
950	0.000109
955	0.000109
960	0.000110
965	0.000110
970	0.000111
975	0.000112
980	0.000114
985	0.000113
990	0.000114
995	0.000115
1000	0.000116
1005	0.000116
1010	0.000116
1015	0.000118
1020	0.000118
1025	0.000118
1030	0.000119
1035	0.000120
1040	0.000121
1045	0.000121
1050	0.000122
1055	0.000123
1060	0.000123
1065	0.000124
1070	0.000124
1075	0.000125
1080	0.000126
1085	0.000126
1090	0.000128
1095	0.000127
1100	0.000129
1105	0.000130
1110	0.000130
1115	0.000131
1120	0.000131
1125	0.000132
1130	0.000133
1135	0.000133
1140	0.000135
1145	0.000135
1150	0.000135
1155	0.000135
1160	0.000136
1165	0.000137
1170	0.000138
1175	0.000139
1180	0.000140
1185	0.000141
1190	0.000141
1195	0.000142
1200	0.000143
1205	0.000142
1210	0.000144
1215	0.000144
1220	0.000145
1225	0.000146
1230	0.000146
1235	0.000147
1240	0.000147
1245	0.000148
1250	0.000148
1255	0.000150
1260	0.000150
1265	0.000151
1270	0.000151
1275	0.000156
1280	0.000153
1285	0.000155
1290	0.000156
1295	0.000155
1300	0.000155
1305	0.000157
1310	0.000157
1315	0.000159
1320	0.000159
1325	0.000160
1330	0.000160
1335	0.000160
1340	0.000161
1345	0.000162
1350	0.000163
1355	0.000163
1360	0.000164
1365	0.000164
1370	0.000165
1375	0.000166
1380	0.000167
1385	0.000168
1390	0.000169
1395	0.000169
1400	0.000169
1405	0.000170
1410	0.000172
1415	0.000173
1420	0.000173
1425	0.000172
1430	0.000175
1435	0.000175
1440	0.000183
1445	0.000177
1450	0.000178
1455	0.000178
1460	0.000178
1465	0.000179
1470	0.000181
1475	0.000181
1480	0.000182
1485	0.000182
1490	0.000183
1495	0.000184
1500	0.000185
1505	0.000186
1510	0.000186
1515	0.000187
1520	0.000187
1525	0.000189
1530	0.000189
1535	0.000189
1540	0.000190
1545	0.000191
1550	0.000192
1555	0.000193
1560	0.000193
1565	0.000195
1570	0.000195
1575	0.000195
1580	0.000196
1585	0.000196
1590	0.000198
1595	0.000198
1600	0.000199
1605	0.000199
1610	0.000200
1615	0.000200
1620	0.000201
1625	0.000202
1630	0.000203
1635	0.000204
1640	0.000204
1645	0.000205
1650	0.000206
1655	0.000207
1660	0.000208
1665	0.000208
1670	0.000209
1675	0.000210
1680	0.000210
1685	0.000210
1690	0.000212
1695	0.000212
1700	0.000212
1705	0.000214
1710	0.000214
1715	0.000215
1720	0.000216
1725	0.000217
1730	0.000217
1735	0.000219
1740	0.000218
1745	0.000219
1750	0.000221
1755	0.000221
1760	0.000221
1765	0.000225
1770	0.000223
1775	0.000224
1780	0.000224
1785	0.000225
1790	0.000229
1795	0.000291
1800	0.000245
1805	0.000228
1810	0.000229
1815	0.000231
1820	0.000230
1825	0.000230
1830	0.000232
1835	0.000232
1840	0.000233
1845	0.000235
1850	0.000235
1855	0.000237
1860	0.000236
1865	0.000238
1870	0.000238
1875	0.000239
1880	0.000238
1885	0.000239
1890	0.000239
1895	0.000241
1900	0.000242
1905	0.000243
1910	0.000242
1915	0.000244
1920	0.000245
1925	0.000245
1930	0.000246
1935	0.000246
1940	0.000247
1945	0.000254
1950	0.000250
1955	0.000250
1960	0.000250
1965	0.000251
1970	0.000251
1975	0.000253
1980	0.000253
1985	0.000254
1990	0.000255
1995	0.000256
2000	0.000256
2005	0.000257
2010	0.000258
2015	0.000258
2020	0.000258
2025	0.000260
2030	0.000261
2035	0.000261
2040	0.000262
2045	0.000262
2050	0.000263
2055	0.000264
2060	0.000265
2065	0.000266
2070	0.000267
2075	0.000266
2080	0.000268
2085	0.000269
2090	0.000269
2095	0.000270
2100	0.000271
2105	0.000271
2110	0.000272
2115	0.000272
2120	0.000274
2125	0.000274
2130	0.000275
2135	0.000275
2140	0.000279
2145	0.000277
2150	0.000278
2155	0.000278
2160	0.000279
2165	0.000280
2170	0.000280
2175	0.000282
2180	0.000282
2185	0.000282
2190	0.000283
2195	0.000284
2200	0.000285
2205	0.000286
2210	0.000286
2215	0.000286
2220	0.000288
2225	0.000289
2230	0.000290
2235	0.000290
2240	0.000292
2245	0.000292
2250	0.000293
2255	0.000293
2260	0.000295
2265	0.000294
2270	0.000294
2275	0.000295
2280	0.000296
2285	0.000298
2290	0.000298
2295	0.000298
2300	0.000298
2305	0.000300
2310	0.000301
2315	0.000303
2320	0.000302
2325	0.000302
2330	0.000304
2335	0.000304
2340	0.000305
2345	0.000307
2350	0.000306
2355	0.000308
2360	0.000309
2365	0.000310
2370	0.000309
2375	0.000311
2380	0.000311
2385	0.000311
2390	0.000313
2395	0.000314
2400	0.000314
2405	0.000315
2410	0.000315
2415	0.000317
2420	0.000317
2425	0.000317
2430	0.000318
2435	0.000319
2440	0.000319
2445	0.000320
2450	0.000321
2455	0.000322
2460	0.000324
2465	0.000325
2470	0.000325
2475	0.000325
2480	0.000325
2485	0.000328
2490	0.000328
2495	0.000328
2500	0.000329
2505	0.000329
2510	0.000330
2515	0.000331
2520	0.000332
2525	0.000331
2530	0.000333
2535	0.000333
2540	0.000335
2545	0.000334
2550	0.000337
2555	0.000337
2560	0.000337
2565	0.000338
2570	0.000339
2575	0.000339
2580	0.000340
2585	0.000343
2590	0.000341
2595	0.000343
2600	0.000343
2605	0.000343
2610	0.000345
2615	0.000345
2620	0.000346
2625	0.000347
2630	0.000347
2635	0.000348
2640	0.000348
2645	0.000348
2650	0.000350
2655	0.000352
2660	0.000355
2665	0.000353
2670	0.000353
2675	0.000355
2680	0.000355
2685	0.000355
2690	0.000357
2695	0.000358
2700	0.000358
2705	0.000358
2710	0.000359
2715	0.000415
2720	0.000361
2725	0.000362
2730	0.000363
2735	0.000363
2740	0.000366
2745	0.000365
2750	0.000365
2755	0.000367
2760	0.000367
2765	0.000369
2770	0.000368
2775	0.000368
2780	0.000370
2785	0.000371
2790	0.000370
2795	0.000371
2800	0.000373
2805	0.000376
2810	0.000375
2815	0.000375
2820	0.000377
2825	0.000376
2830	0.000377
2835	0.000378
2840	0.000387
2845	0.000380
2850	0.000381
2855	0.000381
2860	0.000382
2865	0.000382
2870	0.000383
2875	0.000385
2880	0.000386
2885	0.000385
2890	0.000387
2895	0.000388
2900	0.000388
2905	0.000388
2910	0.000389
2915	0.000389
2920	0.000390
2925	0.000391
2930	0.000437
2935	0.000392
2940	0.000393
2945	0.000394
2950	0.000395
2955	0.000395
2960	0.000396
2965	0.000398
2970	0.000396
2975	0.000397
2980	0.000400
2985	0.000400
2990	0.000404
2995	0.000402
3000	0.000402
3005	0.000404
3010	0.000404
3015	0.000404
3020	0.000406
3025	0.000406
3030	0.000762
3035	0.000669
3040	0.000477
3045	0.000410
3050	0.000410
3055	0.000411
3060	0.000411
3065	0.000412
3070	0.000412
3075	0.000415
3080	0.000414
3085	0.000416
3090	0.000416
3095	0.000416
3100	0.000418
3105	0.000419
3110	0.000419
3115	0.000420
3120	0.000421
3125	0.000421
3130	0.000422
3135	0.000422
3140	0.000425
3145	0.000426
3150	0.000423
3155	0.000426
3160	0.000427
3165	0.000427
3170	0.000429
3175	0.000429
3180	0.000431
3185	0.000431
3190	0.000431
3195	0.000431
3200	0.000432
3205	0.000432
3210	0.000434
3215	0.000435
3220	0.000436
3225	0.000436
3230	0.000438
3235	0.000439
3240	0.000439
3245	0.000440
3250	0.000440
3255	0.000441
3260	0.000442
3265	0.000443
3270	0.000444
3275	0.000448
3280	0.000446
3285	0.000446
3290	0.000447
3295	0.000447
3300	0.000448
3305	0.000449
3310	0.000450
3315	0.000451
3320	0.000452
3325	0.000451
3330	0.000452
3335	0.000456
3340	0.000454
3345	0.000454
3350	0.000456
3355	0.000457
3360	0.000457
3365	0.000459
3370	0.000458
3375	0.000460
3380	0.000459
3385	0.000461
3390	0.000462
3395	0.000461
3400	0.000464
3405	0.000464
3410	0.000464
3415	0.000466
3420	0.000467
3425	0.000468
3430	0.000468
3435	0.000469
3440	0.000469
3445	0.000470
3450	0.000471
3455	0.000471
3460	0.000472
3465	0.000474
3470	0.000473
3475	0.000474
3480	0.000474
3485	0.000476
3490	0.000477
3495	0.000478
3500	0.000478
3505	0.000479
3510	0.000482
3515	0.000481
3520	0.000482
3525	0.000482
3530	0.000482
3535	0.000484
3540	0.000485
3545	0.000485
3550	0.000487
3555	0.000488
3560	0.000488
3565	0.000488
3570	0.000490
3575	0.000489
3580	0.000492
3585	0.000491
3590	0.000492
3595	0.000492
3600	0.000494
3605	0.000494
3610	0.000496
3615	0.000497
3620	0.000497
3625	0.000498
3630	0.000498
3635	0.000500
3640	0.000499
3645	0.000501
3650	0.000502
3655	0.000502
3660	0.000503
3665	0.000503
3670	0.000505
3675	0.000505
3680	0.000507
3685	0.000507
3690	0.000507
3695	0.000508
3700	0.000509
3705	0.000510
3710	0.000510
3715	0.000511
3720	0.000511
3725	0.000512
3730	0.000517
3735	0.000515
3740	0.000514
3745	0.000520
3750	0.000516
3755	0.000524
3760	0.000523
3765	0.000520
3770	0.000519
3775	0.000521
3780	0.000522
3785	0.000522
3790	0.000523
3795	0.000526
3800	0.000525
3805	0.000525
3810	0.000526
3815	0.000527
3820	0.000528
3825	0.000527
3830	0.000529
3835	0.000530
3840	0.000532
3845	0.000531
3850	0.000532
3855	0.000533
3860	0.000533
3865	0.000535
3870	0.000535
3875	0.000540
3880	0.000538
3885	0.000538
3890	0.000538
3895	0.000539
3900	0.000540
3905	0.000542
3910	0.000541
3915	0.000542
3920	0.000542
3925	0.000544
3930	0.000547
3935	0.000545
3940	0.000547
3945	0.000547
3950	0.000548
3955	0.000550
3960	0.000551
3965	0.000550
3970	0.000554
3975	0.000552
3980	0.000553
3985	0.000554
3990	0.000554
3995	0.000554
4000	0.000556
4005	0.000557
4010	0.000559
4015	0.000560
4020	0.000558
4025	0.000559
4030	0.000563
4035	0.000563
4040	0.000563
4045	0.000563
4050	0.000566
4055	0.000565
4060	0.000565
4065	0.000566
4070	0.000566
4075	0.000568
4080	0.000569
4085	0.000570
4090	0.000569
4095	0.000572
4100	0.000572
4105	0.000573
4110	0.000573
4115	0.000574
4120	0.000574
4125	0.000575
4130	0.000577
4135	0.000578
4140	0.000578
4145	0.000578
4150	0.000579
4155	0.000580
4160	0.000580
4165	0.000582
4170	0.000583
4175	0.000582
4180	0.000584
4185	0.000585
4190	0.000585
4195	0.000586
4200	0.000660
4205	0.000587
4210	0.000588
4215	0.000589
4220	0.000591
4225	0.000590
4230	0.000591
4235	0.000594
4240	0.000593
4245	0.000594
4250	0.000596
4255	0.000597
4260	0.000596
4265	0.000596
4270	0.000598
4275	0.000600
4280	0.000598
4285	0.000600
4290	0.000602
4295	0.000607
4300	0.000602
4305	0.000603
4310	0.000603
4315	0.000604
4320	0.000606
4325	0.000606
4330	0.000606
4335	0.000607
4340	0.000609
4345	0.000610
4350	0.000610
4355	0.000611
4360	0.000610
4365	0.000614
4370	0.000613
4375	0.000614
4380	0.000617
4385	0.000617
4390	0.000616
4395	0.000618
4400	0.000617
4405	0.000618
4410	0.000623
4415	0.000619
4420	0.000621
4425	0.000691
4430	0.000623
4435	0.000623
4440	0.000627
4445	0.000624
4450	0.000626
4455	0.000625
4460	0.000627
4465	0.000629
4470	0.000627
4475	0.000630
4480	0.000631
4485	0.000631
4490	0.000630
4495	0.000631
4500	0.000632
4505	0.000635
4510	0.000634
4515	0.000636
4520	0.000636
4525	0.000637
4530	0.000637
4535	0.000639
4540	0.000642
4545	0.000640
4550	0.000642
4555	0.000641
4560	0.000643
4565	0.000644
4570	0.000644
4575	0.000645
4580	0.000646
4585	0.000647
4590	0.000648
4595	0.000647
4600	0.000650
4605	0.000648
4610	0.000649
4615	0.000651
4620	0.000653
4625	0.000653
4630	0.000653
4635	0.000653
4640	0.000655
4645	0.000658
4650	0.000657
4655	0.000657
4660	0.000660
4665	0.000659
4670	0.000659
4675	0.000661
4680	0.000661
4685	0.000663
4690	0.000663
4695	0.000665
4700	0.000664
4705	0.000666
4710	0.000667
4715	0.000667
4720	0.000669
4725	0.000670
4730	0.000669
4735	0.000670
4740	0.000672
4745	0.000671
4750	0.000672
4755	0.000674
4760	0.000674
4765	0.000674
4770	0.000676
4775	0.000677
4780	0.000677
4785	0.000681
4790	0.000678
4795	0.000681
4800	0.000680
4805	0.000681
4810	0.000683
4815	0.000684
4820	0.000684
4825	0.000683
4830	0.000687
4835	0.000686
4840	0.000687
4845	0.000688
4850	0.000689
4855	0.000691
4860	0.000691
4865	0.000691
4870	0.000691
4875	0.000693
4880	0.000694
4885	0.000693
4890	0.000696
4895	0.000697
4900	0.000695
4905	0.000697
4910	0.000699
4915	0.000701
4920	0.000698
4925	0.000701
4930	0.000701
4935	0.000704
4940	0.000702
4945	0.000704
4950	0.000704
4955	0.000704
4960	0.000706
4965	0.000705
4970	0.000707
4975	0.000708
4980	0.000711
4985	0.000711
4990	0.000709
4995	0.000711
5000	0.000714
5005	0.000714
5010	0.000715
5015	0.000715
5020	0.000716
5025	0.000718
5030	0.000718
5035	0.000717
5040	0.000719
5045	0.000720
5050	0.000720
5055	0.000723
5060	0.000721
5065	0.000724
5070	0.000723
5075	0.000724
5080	0.000726
5085	0.000726
5090	0.000726
5095	0.000728
5100	0.000729
5105	0.000728
5110	0.000731
5115	0.000730
5120	0.000732
5125	0.000733
5130	0.000734
5135	0.000735
5140	0.000735
5145	0.000734
5150	0.000737
5155	0.000737
5160	0.000737
5165	0.000742
5170	0.000741
5175	0.000741
5180	0.000740
5185	0.000742
5190	0.000744
5195	0.000742
5200	0.000744
5205	0.000745
5210	0.000746
5215	0.000746
5220	0.000747
5225	0.000748
5230	0.000748
5235	0.000751
5240	0.000753
5245	0.000751
5250	0.000752
5255	0.000754
5260	0.000752
5265	0.000756
5270	0.000756
5275	0.000758
5280	0.000756
5285	0.000758
5290	0.000758
5295	0.000758
5300	0.000774
5305	0.000759
5310	0.000762
5315	0.000762
5320	0.000763
5325	0.000763
5330	0.000765
5335	0.000765
5340	0.000767
5345	0.000767
5350	0.000771
5355	0.000769
5360	0.000770
5365	0.000771
5370	0.000773
5375	0.000772
5380	0.000774
5385	0.000774
5390	0.000782
5395	0.000776
5400	0.000777
5405	0.000777
5410	0.000778
5415	0.000777
5420	0.000781
5425	0.000780
5430	0.000782
5435	0.000782
5440	0.000787
5445	0.000783
5450	0.000784
5455	0.000790
5460	0.000786
5465	0.000785
5470	0.000786
5475	0.000788
5480	0.000789
5485	0.000790
5490	0.000790
5495	0.000791
5500	0.000792
5505	0.000793
5510	0.000800
5515	0.000796
5520	0.000802
5525	0.000795
5530	0.000796
5535	0.000798
5540	0.000797
5545	0.000797
5550	0.000797
5555	0.000798
5560	0.000802
5565	0.000802
5570	0.000803
5575	0.000803
5580	0.000803
5585	0.000805
5590	0.000806
5595	0.000806
5600	0.000808
5605	0.000809
5610	0.000809
5615	0.000810
5620	0.000812
5625	0.000812
5630	0.000813
5635	0.000812
5640	0.000813
5645	0.000814
5650	0.000816
5655	0.000815
5660	0.000819
5665	0.000819
5670	0.000817
5675	0.000820
5680	0.000820
5685	0.000821
5690	0.000822
5695	0.000821
5700	0.000823
5705	0.000827
5710	0.000826
5715	0.000825
5720	0.000827
5725	0.000827
5730	0.000828
5735	0.000829
5740	0.000829
5745	0.000830
5750	0.000832
5755	0.000832
5760	0.000834
5765	0.000834
5770	0.000835
5775	0.000836
5780	0.000837
5785	0.000838
5790	0.000841
5795	0.000839
5800	0.000841
5805	0.000841
5810	0.000844
5815	0.000844
5820	0.000842
5825	0.000843
5830	0.000845
5835	0.000844
5840	0.000847
5845	0.000849
5850	0.000850
5855	0.000852
5860	0.000850
5865	0.000850
5870	0.000851
5875	0.000851
5880	0.000852
5885	0.000854
5890	0.000853
5895	0.000857
5900	0.000856
5905	0.000857
5910	0.000860
5915	0.000860
5920	0.000858
5925	0.000860
5930	0.000861
5935	0.000861
5940	0.000860
5945	0.000868
5950	0.000865
5955	0.000865
5960	0.000864
5965	0.000865
5970	0.000865
5975	0.000867
5980	0.000867
5985	0.000870
5990	0.000871
5995	0.000871
6000	0.000871
6005	0.000872
6010	0.000873
6015	0.000874
6020	0.000875
6025	0.000876
6030	0.000876
6035	0.000879
6040	0.000879
6045	0.000879
6050	0.000879
6055	0.000879
6060	0.000881
6065	0.000881
6070	0.000884
6075	0.000883
6080	0.000884
6085	0.000885
6090	0.000887
6095	0.000886
6100	0.000887
6105	0.000887
6110	0.000889
6115	0.000889
6120	0.000891
6125	0.000894
6130	0.000895
6135	0.000895
6140	0.000893
6145	0.000896
6150	0.000897
6155	0.000898
6160	0.000895
6165	0.000899
6170	0.000901
6175	0.000900
6180	0.000899
6185	0.000902
6190	0.000904
6195	0.000902
6200	0.000905
6205	0.000905
6210	0.000905
6215	0.000908
6220	0.000906
6225	0.000925
6230	0.000908
6235	0.000910
6240	0.000909
6245	0.000911
6250	0.000914
6255	0.001002
6260	0.000915
6265	0.000913
6270	0.000917
6275	0.000916
6280	0.000919
6285	0.000916
6290	0.000918
6295	0.000921
6300	0.000924
6305	0.000923
6310	0.000925
6315	0.000920
6320	0.000922
6325	0.000929
6330	0.000923
6335	0.000928
6340	0.000925
6345	0.000926
6350	0.000927
6355	0.000928
6360	0.000930
6365	0.000929
6370	0.000934
6375	0.000932
6380	0.000932
6385	0.000932
6390	0.000933
6395	0.000934
6400	0.000935
6405	0.000938
6410	0.000939
6415	0.000936
6420	0.000936
6425	0.000938
6430	0.000940
6435	0.000945
6440	0.000943
6445	0.000945
6450	0.000944
6455	0.000944
6460	0.000942
6465	0.000947
6470	0.000949
6475	0.000946
6480	0.000950
6485	0.000948
6490	0.000950
6495	0.000949
6500	0.000952
6505	0.000953
6510	0.000954
6515	0.000955
6520	0.000953
6525	0.000956
6530	0.000959
6535	0.000959
6540	0.000960
6545	0.000961
6550	0.000960
6555	0.000961
6560	0.000963
6565	0.000963
6570	0.000964
6575	0.000966
6580	0.000965
6585	0.000964
6590	0.000966
6595	0.000967
6600	0.000967
6605	0.000972
6610	0.000972
6615	0.000972
6620	0.000973
6625	0.000972
6630	0.000974
6635	0.000976
6640	0.000976
6645	0.000978
6650	0.000977
6655	0.000979
6660	0.000979
6665	0.000985
6670	0.000982
6675	0.000982
6680	0.000981
6685	0.000983
6690	0.000985
6695	0.000988
6700	0.000984
6705	0.000984
6710	0.000985
6715	0.000987
6720	0.000988
6725	0.000989
6730	0.000989
6735	0.000990
6740	0.000993
6745	0.000993
6750	0.000993
6755	0.000993
6760	0.000997
6765	0.000997
6770	0.000996
6775	0.000996
6780	0.001000
6785	0.001000
6790	0.001000
6795	0.001000
6800	0.001003
6805	0.001002
6810	0.001006
6815	0.001003
6820	0.001006
6825	0.001006
6830	0.001007
6835	0.001007
6840	0.001009
6845	0.001008
6850	0.001009
6855	0.001017
6860	0.001015
6865	0.001011
6870	0.001011
6875	0.001015
6880	0.001015
6885	0.001013
6890	0.001016
6895	0.001018
6900	0.001015
6905	0.001021
6910	0.001022
6915	0.001019
6920	0.001018
6925	0.001019
6930	0.001024
6935	0.001050
6940	0.001026
6945	0.001025
6950	0.001027
6955	0.001028
6960	0.001028
6965	0.001031
6970	0.001029
6975	0.001028
6980	0.001030
6985	0.001033
6990	0.001040
6995	0.001036
7000	0.001033
7005	0.001033
7010	0.001042
7015	0.001036
7020	0.001037
7025	0.001037
7030	0.001050
7035	0.001039
7040	0.001040
7045	0.001040
7050	0.001040
7055	0.001049
7060	0.001042
7065	0.001052
7070	0.001043
7075	0.001055
7080	0.001048
7085	0.001056
7090	0.001048
7095	0.001049
7100	0.001053
7105	0.001049
7110	0.001052
7115	0.001058
7120	0.001055
7125	0.001053
7130	0.001057
7135	0.001054
7140	0.001057
7145	0.001059
7150	0.001061
7155	0.001062
7160	0.001057
7165	0.001060
7170	0.001064
7175	0.001064
7180	0.001066
7185	0.001067
7190	0.001065
7195	0.001068
7200	0.001065
7205	0.001067
7210	0.001067
7215	0.001066
7220	0.001071
7225	0.001069
7230	0.001069
7235	0.001071
7240	0.001071
7245	0.001072
7250	0.001075
7255	0.001072
7260	0.001075
7265	0.001074
7270	0.001079
7275	0.001077
7280	0.001080
7285	0.001081
7290	0.001081
7295	0.001084
7300	0.001083
7305	0.001083
7310	0.001086
7315	0.001087
7320	0.001087
7325	0.001086
7330	0.001086
7335	0.001090
7340	0.001089
7345	0.001093
7350	0.001091
7355	0.001095
7360	0.001094
7365	0.001093
7370	0.001098
7375	0.001099
7380	0.001097
7385	0.001096
7390	0.001098
7395	0.001099
7400	0.001101
7405	0.001101
7410	0.001101
7415	0.001105
7420	0.001103
7425	0.001105
7430	0.001103
7435	0.001108
7440	0.001111
7445	0.001106
7450	0.001108
7455	0.001109
7460	0.001110
7465	0.001109
7470	0.001115
7475	0.001113
7480	0.001116
7485	0.001115
7490	0.001116
7495	0.001117
7500	0.001117
7505	0.001119
7510	0.001119
7515	0.001119
7520	0.001120
7525	0.001121
7530	0.001119
7535	0.001122
7540	0.001122
7545	0.001124
7550	0.001132
7555	0.001125
7560	0.001127
7565	0.001126
7570	0.001126
7575	0.001132
7580	0.001130
7585	0.001135
7590	0.001132
7595	0.001132
7600	0.001133
7605	0.001134
7610	0.001137
7615	0.001136
7620	0.001135
7625	0.001134
7630	0.001142
7635	0.001137
7640	0.001149
7645	0.001141
7650	0.001142
7655	0.001140
7660	0.001143
7665	0.001143
7670	0.001145
7675	0.001145
7680	0.001148
7685	0.001150
7690	0.001166
7695	0.001149
7700	0.001154
7705	0.001150
7710	0.001151
7715	0.001152
7720	0.001152
7725	0.001153
7730	0.001153
7735	0.001154
7740	0.001156
7745	0.001156
7750	0.001159
7755	0.001157
7760	0.001159
7765	0.001161
7770	0.001161
7775	0.001163
7780	0.001170
7785	0.001164
7790	0.001164
7795	0.001168
7800	0.001166
7805	0.001166
7810	0.001167
7815	0.001167
7820	0.001168
7825	0.001171
7830	0.001169
7835	0.001178
7840	0.001174
7845	0.001177
7850	0.001174
7855	0.001175
7860	0.001176
7865	0.001177
7870	0.001179
7875	0.001179
7880	0.001179
7885	0.001180
7890	0.001182
7895	0.001182
7900	0.001186
7905	0.001184
7910	0.001186
7915	0.001188
7920	0.001233
7925	0.001187
7930	0.001187
7935	0.001188
7940	0.001193
7945	0.001191
7950	0.001193
7955	0.001192
7960	0.001195
7965	0.001195
7970	0.001192
7975	0.001192
7980	0.001197
7985	0.001197
7990	0.001198
7995	0.001197
8000	0.001198
8005	0.001198
8010	0.001200
8015	0.001204
8020	0.001204
8025	0.001201
8030	0.001202
8035	0.001203
8040	0.001204
8045	0.001206
8050	0.001215
8055	0.001210
8060	0.001211
8065	0.001213
8070	0.001213
8075	0.001211
8080	0.001214
8085	0.001213
8090	0.001219
8095	0.001217
8100	0.001218
8105	0.001219
8110	0.001217
8115	0.001220
8120	0.001221
8125	0.001220
8130	0.001225
8135	0.001224
8140	0.001224
8145	0.001226
8150	0.001228
8155	0.001224
8160	0.001228
8165	0.001227
8170	0.001228
8175	0.001230
8180	0.001233
8185	0.001230
8190	0.001231
8195	0.001235
8200	0.001233
8205	0.001233
8210	0.001233
8215	0.001236
8220	0.001237
8225	0.001241
8230	0.001239
8235	0.001235
8240	0.001238
8245	0.001241
8250	0.001241
8255	0.001242
8260	0.001245
8265	0.001249
8270	0.001244
8275	0.001248
8280	0.001246
8285	0.001248
8290	0.001249
8295	0.001250
8300	0.001249
8305	0.001253
8310	0.001253
8315	0.001250
8320	0.001253
8325	0.001257
8330	0.001257
8335	0.001257
8340	0.001257
8345	0.001257
8350	0.001258
8355	0.001259
8360	0.001265
8365	0.001262
8370	0.001261
8375	0.001265
8380	0.001262
8385	0.001264
8390	0.001264
8395	0.001266
8400	0.001271
8405	0.001267
8410	0.001268
8415	0.001266
8420	0.001269
8425	0.001269
8430	0.001269
8435	0.001270
8440	0.001274
8445	0.001272
8450	0.001275
8455	0.001277
8460	0.001277
8465	0.001277
8470	0.001278
8475	0.001279
8480	0.001279
8485	0.001283
8490	0.001284
8495	0.001284
8500	0.001282
8505	0.001287
8510	0.001284
8515	0.001287
8520	0.001284
8525	0.001287
8530	0.001288
8535	0.001295
8540	0.001292
8545	0.001290
8550	0.001292
8555	0.001294
8560	0.001291
8565	0.001293
8570	0.001295
8575	0.001295
8580	0.001296
8585	0.001298
8590	0.001298
8595	0.001298
8600	0.001296
8605	0.001300
8610	0.001302
8615	0.001302
8620	0.001300
8625	0.001303
8630	0.001312
8635	0.001304
8640	0.001308
8645	0.001306
8650	0.001309
8655	0.001304
8660	0.001306
8665	0.001309
8670	0.001305
8675	0.001311
8680	0.001310
8685	0.001310
8690	0.001312
8695	0.001312
8700	0.001312
8705	0.001317
8710	0.001318
8715	0.001317
8720	0.001323
8725	0.001319
8730	0.001320
8735	0.001323
8740	0.001325
8745	0.001327
8750	0.001354
8755	0.001326
8760	0.001328
8765	0.001328
8770	0.001329
8775	0.001329
8780	0.001329
8785	0.001331
8790	0.001335
8795	0.001331
8800	0.001331
8805	0.001334
8810	0.001335
8815	0.001333
8820	0.001338
8825	0.001336
8830	0.001340
8835	0.001340
8840	0.001341
8845	0.001343
8850	0.001350
8855	0.001343
8860	0.001347
8865	0.001488
8870	0.001343
8875	0.001345
8880	0.001347
8885	0.001351
8890	0.001350
8895	0.001349
8900	0.001350
8905	0.001351
8910	0.001354
8915	0.001357
8920	0.001359
8925	0.001357
8930	0.001357
8935	0.001361
8940	0.001362
8945	0.001357
8950	0.001357
8955	0.001359
8960	0.001360
8965	0.001363
8970	0.001361
8975	0.001362
8980	0.001367
8985	0.001363
8990	0.001365
8995	0.001375
9000	0.001365
9005	0.001365
9010	0.001369
9015	0.001370
9020	0.001368
9025	0.001373
9030	0.001373
9035	0.001372
9040	0.001371
9045	0.001377
9050	0.001380
9055	0.001378
9060	0.001378
9065	0.001377
9070	0.001380
9075	0.001377
9080	0.001379
9085	0.001381
9090	0.001383
9095	0.001388
9100	0.001387
9105	0.001385
9110	0.001384
9115	0.001387
9120	0.001391
9125	0.001391
9130	0.001389
9135	0.001393
9140	0.001396
9145	0.001390
9150	0.001398
9155	0.001432
9160	0.001394
9165	0.001393
9170	0.001394
9175	0.001396
9180	0.001397
9185	0.001406
9190	0.001405
9195	0.001407
9200	0.001397
9205	0.001401
9210	0.001405
9215	0.001404
9220	0.001401
9225	0.001402
9230	0.001413
9235	0.001414
9240	0.001404
9245	0.001405
9250	0.001410
9255	0.001442
9260	0.001407
9265	0.001413
9270	0.001409
9275	0.001427
9280	0.001411
9285	0.001412
9290	0.001423
9295	0.001413
9300	0.001419
9305	0.001426
9310	0.001419
9315	0.001419
9320	0.001430
9325	0.001425
9330	0.001416
9335	0.001421
9340	0.001426
9345	0.001423
9350	0.001428
9355	0.001435
9360	0.001426
9365	0.001427
9370	0.001428
9375	0.001434
9380	0.001431
9385	0.001434
9390	0.001429
9395	0.001431
9400	0.001432
9405	0.001434
9410	0.001439
9415	0.001446
9420	0.001434
9425	0.001441
9430	0.001448
9435	0.001442
9440	0.001441
9445	0.001444
9450	0.001441
9455	0.001441
9460	0.001451
9465	0.001446
9470	0.001449
9475	0.001445
9480	0.001450
9485	0.001458
9490	0.001451
9495	0.001451
9500	0.001451
9505	0.001452
9510	0.001465
9515	0.001454
9520	0.001458
9525	0.001456
9530	0.001465
9535	0.001463
9540	0.001457
9545	0.001464
9550	0.001468
9555	0.001461
9560	0.001469
9565	0.001465
9570	0.001463
9575	0.001467
9580	0.001464
9585	0.001469
9590	0.001470
9595	0.002127
9600	0.001471
9605	0.001468
9610	0.001472
9615	0.001472
9620	0.001473
9625	0.001474
9630	0.001471
9635	0.001479
9640	0.001477
9645	0.001477
9650	0.001477
9655	0.001479
9660	0.001483
9665	0.001484
9670	0.001484
9675	0.001481
9680	0.001485
9685	0.001484
9690	0.001484
9695	0.001488
9700	0.001487
9705	0.001488
9710	0.001490
9715	0.001488
9720	0.001490
9725	0.001490
9730	0.001496
9735	0.001493
9740	0.001496
9745	0.001502
9750	0.001496
9755	0.001497
9760	0.001503
9765	0.001497
9770	0.001501
9775	0.001503
9780	0.001507
9785	0.001496
9790	0.001501
9795	0.001502
9800	0.001507
9805	0.001503
9810	0.001505
9815	0.001505
9820	0.001507
9825	0.001509
9830	0.001504
9835	0.001510
9840	0.001511
9845	0.001513
9850	0.001518
9855	0.001509
9860	0.001515
9865	0.001515
9870	0.001515
9875	0.001512
9880	0.001511
9885	0.001516
9890	0.001520
9895	0.001518
9900	0.001526
9905	0.001519
9910	0.001520
9915	0.001524
9920	0.001525
9925	0.001523
9930	0.001528
9935	0.001530
9940	0.001526
9945	0.001528
9950	0.001538
9955	0.001530
9960	0.001531
9965	0.001534
9970	0.001536
9975	0.001531
9980	0.001529
9985	0.001533
9990	0.001534
9995	0.001535
10000	0.001534
